height(km) press(hPa) W(M/S) T(C) T-TE(C) QV(g/kg) SAT(g/kg) QC(g/kg) QH(g/kg) QI(g/kg) "Buoy(1e-2 m/s2)" radius(m) dwdt_entr(unitless) plumeT(K) envT(K)
0.0000 860.9969 27.7193 22.9483 0.2970 3.9535 21.1079 0.0000 0.0000 0.0000 -9.5324 1.2503 -0.0472 296.2483 295.9513
0.0500 856.1724 27.2471 22.1746 -2.5820 3.9553 20.2265 0.0000 0.0000 0.0000 -9.5324 1.2535 -0.0472 295.4746 298.0566
0.1500 846.5750 26.6082 21.2397 -5.9500 3.9594 19.2935 0.0000 0.0000 0.0000 -13.5234 1.2567 -0.0355 294.5397 300.4897
0.2500 837.0692 25.9601 20.3061 -6.1612 3.9639 18.3988 0.0000 0.0000 0.0000 -14.0298 1.2600 -0.0304 293.6061 299.7673
0.3500 827.5635 25.2802 19.3745 -6.3703 3.9686 17.5439 0.0000 0.0000 0.0000 -14.5124 1.2634 -0.0293 292.6745 299.0448
0.4500 818.2126 24.5665 18.4452 -6.5618 3.9735 16.7238 0.0000 0.0000 0.0000 -14.9644 1.2668 -0.0283 291.7452 298.3070
0.5500 808.9190 23.8160 17.5183 -6.7452 3.9787 15.9397 0.0000 0.0000 0.0000 -15.4030 1.2703 -0.0274 290.8183 297.5635
0.6500 799.6348 23.0247 16.5943 -6.9250 3.9840 15.1913 0.0000 0.0000 0.0000 -15.8310 1.2739 -0.0266 289.8943 296.8193
0.7500 790.5768 22.1907 15.6719 -7.0865 3.9896 14.4718 0.0000 0.0000 0.0000 -16.2487 1.2776 -0.0252 288.9719 296.0584
0.8500 781.5189 21.3119 14.7513 -7.2462 3.9956 13.7846 0.0000 0.0000 0.0000 -16.6193 1.2813 -0.0235 288.0513 295.2976
0.9500 772.5150 20.3897 13.8326 -7.3689 4.0019 13.1273 0.0000 0.0000 0.0000 -16.8384 1.2850 -0.0218 287.1326 294.5015
1.0500 763.6497 19.4248 12.9158 -7.3992 4.0083 12.4974 0.0000 0.0000 0.0000 -16.9457 1.2888 -0.0203 286.2158 293.6150
1.1500 754.7844 18.4089 12.0012 -7.4273 4.0147 11.8965 0.0000 0.0000 0.0000 -17.0686 1.2928 -0.0189 285.3012 292.7285
1.2500 746.0791 17.3297 11.0890 -7.4768 4.0210 11.3207 0.0000 0.0000 0.0000 -17.2361 1.2969 -0.0173 284.3890 291.8658
1.3500 737.5612 16.1731 10.1790 -7.5520 4.0270 10.7688 0.0000 0.0000 0.0000 -17.4246 1.3010 -0.0156 283.4790 291.0310
1.4500 729.0433 14.9203 9.2723 -7.6239 4.0328 10.2433 0.0000 0.0000 0.0000 -17.6039 1.3052 -0.0137 282.5723 290.1962
1.5500 720.5255 13.5396 8.3701 -7.6913 4.0383 9.7438 0.0000 0.0000 0.0000 -17.7703 1.3096 -0.0119 281.6701 289.3615
1.6500 712.0075 11.9767 7.4746 -7.7521 4.0436 9.2703 0.0000 0.0000 0.0000 -17.9122 1.3143 -0.0101 280.7746 288.5267
1.7500 703.4896 10.0555 6.5939 -7.7981 4.0488 8.8266 0.0000 0.0000 0.0000 -17.9553 1.3196 -0.0081 279.8939 287.6920
1.8500 695.2394 7.3179 5.7941 -7.7704 4.0525 8.4464 0.0000 0.0000 0.0000 -17.4317 1.3279 -0.0054 279.0941 286.8644
1.9500 687.1749 3.7262 5.4258 -7.3161 4.0465 8.3285 0.0000 0.0000 0.0000 -15.2779 1.3533 -0.0023 278.7258 286.0418
2.0500 679.1104 0.6095 6.0591 -5.8602 4.0151 8.8121 0.0000 0.0000 0.0000 -11.0582 1.4174 -0.0003 279.3590 285.2193
2.1500 671.0458 -0.7820 7.4889 -3.6078 3.9606 9.8549 0.0000 0.0000 0.0000 -6.3648 1.5098 -0.0003 280.7888 284.3967
2.2500 662.9813 -0.8195 8.5177 -1.7564 3.9037 10.7123 0.0000 0.0000 0.0000 -3.0682 1.5967 -0.0002 281.8177 283.5741
2.3500 654.9169 -0.5022 8.7117 -0.7398 3.8533 10.9924 0.0000 0.0000 0.0000 -1.3556 1.6662 -0.0001 282.0117 282.7515
2.4500 647.0295 -0.2495 8.3758 -0.2771 3.8074 10.8742 0.0000 0.0000 0.0000 -0.6075 1.7234 -0.0000 281.6758 281.9529
2.5500 639.4192 -0.1131 7.7908 -0.1011 3.7629 10.5695 0.0000 0.0000 0.0000 -0.3155 1.7739 -0.0000 281.0908 281.1919
2.6500 631.8088 -0.0515 7.0967 -0.0342 3.7179 10.1953 0.0000 0.0000 0.0000 -0.2000 1.8212 -0.0000 280.3967 280.4309
2.7500 624.1985 -0.0266 6.3588 -0.0110 3.6712 9.8032 0.0000 0.0000 0.0000 -0.1549 1.8661 -0.0000 279.6588 279.6699
2.8500 616.5882 -0.0170 5.6042 -0.0046 3.6220 9.4137 0.0000 0.0000 0.0000 -0.1394 1.9079 -0.0000 278.9042 278.9088
2.9500 608.9778 -0.0135 4.8414 -0.0064 3.5696 9.0332 0.0000 0.0000 0.0000 -0.1487 1.9451 -0.0000 278.1414 278.1478
3.0500 601.3674 -0.0108 4.0666 -0.0202 3.5134 8.6593 0.0000 0.0000 0.0000 -0.1408 1.9756 -0.0000 277.3666 277.3867
3.1500 594.1406 -0.0077 3.2500 -0.0086 3.4530 8.2692 0.0000 0.0000 0.0000 -0.1069 1.9971 -0.0000 276.5500 276.5586
3.2500 586.9977 -0.0055 2.4137 -0.0020 3.3882 7.8826 0.0000 0.0000 0.0000 -0.0858 2.0074 -0.0000 275.7137 275.7157
3.3500 579.8549 -0.0042 1.5724 -0.0004 3.3190 7.5096 0.0000 0.0000 0.0000 -0.0736 2.0039 -0.0000 274.8724 274.8729
3.4500 572.7120 -0.0033 0.7301 0.0001 3.2454 7.1518 0.0000 0.0000 0.0000 -0.0642 1.9840 -0.0000 274.0301 274.0300
3.5500 565.5692 -0.0024 -0.1120 0.0009 3.1673 6.8096 0.0000 0.0000 0.0000 -0.0529 1.9445 -0.0000 273.1880 273.1872
3.6500 558.4263 -0.0010 -0.9512 0.0045 3.0845 6.4834 0.0000 0.0000 0.0000 -0.0215 1.8819 -0.0000 272.3488 272.3443
3.7500 551.2834 -0.0003 -1.7747 0.0238 2.9969 6.1786 0.0000 0.0000 0.0000 -0.0054 1.7918 -0.0000 271.5253 271.5015
3.8500 544.5385 -0.0004 -2.5093 0.0087 2.9036 5.9217 0.0000 0.0000 0.0000 -0.0131 1.6690 -0.0000 270.7907 270.7820
3.9500 537.8807 -0.0000 -3.2090 0.0014 2.8059 5.6885 0.0000 0.0000 0.0000 0.0000 1.5074 -0.0000 270.0910 270.0896
4.0500 531.2229 0.0000 -3.9028 0.0000 2.7056 5.4662 0.0000 0.0000 0.0000 0.0000 1.2989 0.0000 269.3972 269.3972
4.1500 524.5651 0.0000 -4.5952 0.0000 2.5718 5.2523 0.0000 0.0000 0.0000 0.0000 1.3001 0.0000 268.7048 268.7048
4.2500 517.9073 0.0000 -5.2876 0.0000 2.4440 5.0462 0.0000 0.0000 0.0000 0.0000 1.3013 0.0000 268.0124 268.0124
4.3500 511.2495 0.0000 -5.9800 0.0000 2.3219 4.8474 0.0000 0.0000 0.0000 0.0000 1.3025 0.0000 267.3199 267.3199
4.4500 504.5917 0.0000 -6.6725 0.0000 2.2054 4.6559 0.0000 0.0000 0.0000 0.0000 1.3037 0.0000 266.6275 266.6275
4.5500 498.0915 0.0000 -7.3485 0.0000 2.0625 4.4756 0.0000 0.0000 0.0000 0.0000 1.3049 0.0000 265.9515 265.9515
4.6500 491.9415 0.0000 -7.9881 0.0000 1.8594 4.3109 0.0000 0.0000 0.0000 0.0000 1.3061 0.0000 265.3119 265.3119
4.7500 485.7914 0.0000 -8.6277 0.0000 1.6682 4.1519 0.0000 0.0000 0.0000 0.0000 1.3073 0.0000 264.6723 264.6723
4.8500 479.6414 0.0000 -9.2673 0.0000 1.4885 3.9983 0.0000 0.0000 0.0000 0.0000 1.3085 0.0000 264.0327 264.0327
4.9500 473.4913 0.0000 -9.9069 0.0000 1.3196 3.8499 0.0000 0.0000 0.0000 0.0000 1.3097 0.0000 263.3931 263.3931
5.0500 467.3412 0.0000 -10.5465 0.0000 1.1611 3.7066 0.0000 0.0000 0.0000 0.0000 1.3109 0.0000 262.7535 262.7535
5.1500 461.1911 0.0000 -11.1861 0.0000 1.0124 3.5683 0.0000 0.0000 0.0000 0.0000 1.3121 0.0000 262.1139 262.1139
5.2500 455.0411 0.0000 -11.8257 0.0000 0.8731 3.4348 0.0000 0.0000 0.0000 0.0000 1.3133 0.0000 261.4742 261.4742
5.3500 448.9858 0.0000 -12.4879 0.0000 0.7535 3.2992 0.0000 0.0000 0.0000 0.0000 1.3145 0.0000 260.8120 260.8120
5.4500 443.3615 0.0000 -13.2528 0.0000 0.6886 3.1389 0.0000 0.0000 0.0000 0.0000 1.3157 0.0000 260.0471 260.0471
5.5500 437.7372 0.0000 -14.0177 0.0000 0.6281 2.9857 0.0000 0.0000 0.0000 0.0000 1.3169 0.0000 259.2823 259.2823
5.6500 432.1130 0.0000 -14.7827 0.0000 0.5718 2.8392 0.0000 0.0000 0.0000 0.0000 1.3181 0.0000 258.5173 258.5173
5.7500 426.4886 0.0000 -15.5475 0.0000 0.5193 2.6992 0.0000 0.0000 0.0000 0.0000 1.3193 0.0000 257.7524 257.7524
5.8500 420.8644 0.0000 -16.3124 0.0000 0.4705 2.5654 0.0000 0.0000 0.0000 0.0000 1.3205 0.0000 256.9875 256.9875
5.9500 415.2401 0.0000 -17.0774 0.0000 0.4251 2.4377 0.0000 0.0000 0.0000 0.0000 1.3217 0.0000 256.2226 256.2226
6.0500 409.6158 0.0000 -17.8423 0.0000 0.3830 2.3157 0.0000 0.0000 0.0000 0.0000 1.3229 0.0000 255.4577 255.4577
6.1500 403.9915 0.0000 -18.6072 0.0000 0.3439 2.1993 0.0000 0.0000 0.0000 0.0000 1.3241 0.0000 254.6928 254.6928
6.2500 398.5173 0.0000 -19.3517 0.0000 0.3118 2.0911 0.0000 0.0000 0.0000 0.0000 1.3253 0.0000 253.9483 253.9483
6.3500 393.4100 0.0000 -20.0462 0.0000 0.2913 1.9945 0.0000 0.0000 0.0000 0.0000 1.3265 0.0000 253.2538 253.2538
6.4500 388.3028 0.0000 -20.7408 0.0000 0.2720 1.9020 0.0000 0.0000 0.0000 0.0000 1.3277 0.0000 252.5592 252.5592
6.5500 383.1955 0.0000 -21.4354 0.0000 0.2537 1.8134 0.0000 0.0000 0.0000 0.0000 1.3289 0.0000 251.8646 251.8646
6.6500 378.0883 0.0000 -22.1300 0.0000 0.2366 1.7286 0.0000 0.0000 0.0000 0.0000 1.3301 0.0000 251.1700 251.1700
6.7500 372.9810 0.0000 -22.8246 0.0000 0.2204 1.6473 0.0000 0.0000 0.0000 0.0000 1.3313 0.0000 250.4754 250.4754
6.8500 367.8738 0.0000 -23.5192 0.0000 0.2052 1.5696 0.0000 0.0000 0.0000 0.0000 1.3325 0.0000 249.7808 249.7808
6.9500 362.7665 0.0000 -24.2138 0.0000 0.1909 1.4952 0.0000 0.0000 0.0000 0.0000 1.3337 0.0000 249.0862 249.0862
7.0500 357.6592 0.0000 -24.9083 0.0000 0.1774 1.4241 0.0000 0.0000 0.0000 0.0000 1.3349 0.0000 248.3916 248.3916
7.1500 352.5520 0.0000 -25.6029 0.0000 0.1648 1.3561 0.0000 0.0000 0.0000 0.0000 1.3361 0.0000 247.6971 247.6971
7.2500 347.7299 0.0000 -26.2587 0.0000 0.1583 1.2946 0.0000 0.0000 0.0000 0.0000 1.3373 0.0000 247.0413 247.0413
7.3500 343.1927 0.0000 -26.8758 0.0000 0.1571 1.2391 0.0000 0.0000 0.0000 0.0000 1.3385 0.0000 246.4242 246.4242
7.4500 338.6555 0.0000 -27.4928 0.0000 0.1557 1.1858 0.0000 0.0000 0.0000 0.0000 1.3397 0.0000 245.8071 245.8071
7.5500 334.1183 0.0000 -28.1099 0.0000 0.1542 1.1346 0.0000 0.0000 0.0000 0.0000 1.3409 0.0000 245.1901 245.1901
7.6500 329.5811 0.0000 -28.7270 0.0000 0.1524 1.0855 0.0000 0.0000 0.0000 0.0000 1.3421 0.0000 244.5730 244.5730
7.7500 325.0439 0.0000 -29.3440 0.0000 0.1505 1.0383 0.0000 0.0000 0.0000 0.0000 1.3433 0.0000 243.9560 243.9560
7.8500 320.5067 0.0000 -29.9611 0.0000 0.1485 0.9930 0.0000 0.0000 0.0000 0.0000 1.3445 0.0000 243.3389 243.3389
7.9500 315.9695 0.0000 -30.5781 0.0000 0.1463 0.9496 0.0000 0.0000 0.0000 0.0000 1.3457 0.0000 242.7218 242.7218
8.0500 311.4323 0.0000 -31.1952 0.0000 0.1440 0.9079 0.0000 0.0000 0.0000 0.0000 1.3469 0.0000 242.1048 242.1048
8.1500 306.8951 0.0000 -31.8123 0.0000 0.1416 0.8680 0.0000 0.0000 0.0000 0.0000 1.3481 0.0000 241.4877 241.4877
8.2500 302.3579 0.0000 -32.4293 0.0000 0.1391 0.8297 0.0000 0.0000 0.0000 0.0000 1.3493 0.0000 240.8707 240.8707
8.3500 298.0925 0.0000 -33.1086 0.0000 0.1339 0.7874 0.0000 0.0000 0.0000 0.0000 1.3505 0.0000 240.1914 240.1914
8.4500 294.1211 0.0000 -33.8552 0.0000 0.1260 0.7414 0.0000 0.0000 0.0000 0.0000 1.3517 0.0000 239.4447 239.4447
8.5500 290.1497 0.0000 -34.6019 0.0000 0.1186 0.6978 0.0000 0.0000 0.0000 0.0000 1.3529 0.0000 238.6981 238.6981
8.6500 286.1783 0.0000 -35.3485 0.0000 0.1116 0.6566 0.0000 0.0000 0.0000 0.0000 1.3541 0.0000 237.9515 237.9515
8.7500 282.2068 0.0000 -36.0951 0.0000 0.1050 0.6175 0.0000 0.0000 0.0000 0.0000 1.3553 0.0000 237.2049 237.2049
8.8500 278.2354 0.0000 -36.8417 0.0000 0.0987 0.5806 0.0000 0.0000 0.0000 0.0000 1.3565 0.0000 236.4583 236.4583
8.9500 274.2640 0.0000 -37.5884 0.0000 0.0928 0.5457 0.0000 0.0000 0.0000 0.0000 1.3577 0.0000 235.7116 235.7116
9.0500 270.2926 0.0000 -38.3350 0.0000 0.0872 0.5127 0.0000 0.0000 0.0000 0.0000 1.3589 0.0000 234.9650 234.9650
9.1500 266.3212 0.0000 -39.0816 0.0000 0.0819 0.4816 0.0000 0.0000 0.0000 0.0000 1.3601 0.0000 234.2184 234.2184
9.2500 262.3498 0.0000 -39.8282 0.0000 0.0769 0.4521 0.0000 0.0000 0.0000 0.0000 1.3613 0.0000 233.4718 233.4718
9.3500 258.3784 0.0000 -40.5749 0.0000 0.0721 0.4243 0.0000 0.0000 0.0000 0.0000 1.3625 0.0000 232.7251 232.7251
9.4500 254.4070 0.0000 -41.3215 0.0000 0.0677 0.3981 0.0000 0.0000 0.0000 0.0000 1.3637 0.0000 231.9785 231.9785
9.5500 250.4356 0.0000 -42.0681 0.0000 0.0635 0.3734 0.0000 0.0000 0.0000 0.0000 1.3649 0.0000 231.2319 231.2319
9.6500 246.8384 0.0000 -42.7950 0.0000 0.0604 0.3503 0.0000 0.0000 0.0000 0.0000 1.3661 0.0000 230.5050 230.5050
9.7500 243.2872 0.0000 -43.5194 0.0000 0.0576 0.3285 0.0000 0.0000 0.0000 0.0000 1.3673 0.0000 229.7806 229.7806
9.8500 239.7361 0.0000 -44.2438 0.0000 0.0549 0.3080 0.0000 0.0000 0.0000 0.0000 1.3685 0.0000 229.0562 229.0562
9.9500 236.1850 0.0000 -44.9683 0.0000 0.0523 0.2886 0.0000 0.0000 0.0000 0.0000 1.3697 0.0000 228.3317 228.3317
10.0500 232.6338 0.0000 -45.6927 0.0000 0.0497 0.2704 0.0000 0.0000 0.0000 0.0000 1.3709 0.0000 227.6073 227.6073
10.1500 229.0827 0.0000 -46.4171 0.0000 0.0473 0.2532 0.0000 0.0000 0.0000 0.0000 1.3721 0.0000 226.8829 226.8829
10.2500 225.5315 0.0000 -47.1416 0.0000 0.0449 0.2370 0.0000 0.0000 0.0000 0.0000 1.3733 0.0000 226.1584 226.1584
10.3500 222.2428 0.0000 -47.8235 0.0000 0.0438 0.2226 0.0000 0.0000 0.0000 0.0000 1.3745 0.0000 225.4765 225.4765
10.4500 219.0003 0.0000 -48.4979 0.0000 0.0427 0.2091 0.0000 0.0000 0.0000 0.0000 1.3757 0.0000 224.8020 224.8020
10.5500 215.7577 0.0000 -49.1724 0.0000 0.0417 0.1964 0.0000 0.0000 0.0000 0.0000 1.3769 0.0000 224.1276 224.1276
10.6500 212.5152 0.0000 -49.8468 0.0000 0.0405 0.1843 0.0000 0.0000 0.0000 0.0000 1.3781 0.0000 223.4531 223.4531
10.7500 209.2726 0.0000 -50.5213 0.0000 0.0394 0.1730 0.0000 0.0000 0.0000 0.0000 1.3793 0.0000 222.7787 222.7787
10.8500 206.0301 0.0000 -51.1957 0.0000 0.0382 0.1623 0.0000 0.0000 0.0000 0.0000 1.3805 0.0000 222.1042 222.1042
10.9500 202.7876 0.0000 -51.8702 0.0000 0.0370 0.1522 0.0000 0.0000 0.0000 0.0000 1.3817 0.0000 221.4298 221.4298
11.0500 199.5892 0.0000 -52.5239 0.0000 0.0360 0.1431 0.0000 0.0000 0.0000 0.0000 1.3829 0.0000 220.7760 220.7760
11.1500 196.6618 0.0000 -53.0509 0.0000 0.0357 0.1363 0.0000 0.0000 0.0000 0.0000 1.3841 0.0000 220.2491 220.2491
11.2500 193.7344 0.0000 -53.5778 0.0000 0.0354 0.1298 0.0000 0.0000 0.0000 0.0000 1.3853 0.0000 219.7222 219.7222
11.3500 190.8070 0.0000 -54.1047 0.0000 0.0350 0.1236 0.0000 0.0000 0.0000 0.0000 1.3865 0.0000 219.1953 219.1953
11.4500 187.8796 0.0000 -54.6317 0.0000 0.0346 0.1177 0.0000 0.0000 0.0000 0.0000 1.3877 0.0000 218.6683 218.6683
11.5500 184.9522 0.0000 -55.1586 0.0000 0.0341 0.1121 0.0000 0.0000 0.0000 0.0000 1.3889 0.0000 218.1414 218.1414
11.6500 182.0248 0.0000 -55.6855 0.0000 0.0336 0.1067 0.0000 0.0000 0.0000 0.0000 1.3901 0.0000 217.6145 217.6145
11.7500 179.0974 0.0000 -56.2125 0.0000 0.0330 0.1015 0.0000 0.0000 0.0000 0.0000 1.3913 0.0000 217.0875 217.0875
11.8500 176.1700 0.0000 -56.7394 0.0000 0.0325 0.0966 0.0000 0.0000 0.0000 0.0000 1.3925 0.0000 216.5606 216.5606
11.9500 173.4448 0.0000 -57.2610 0.0000 0.0311 0.0919 0.0000 0.0000 0.0000 0.0000 1.3937 0.0000 216.0389 216.0389
12.0500 170.8541 0.0000 -57.7792 0.0000 0.0293 0.0874 0.0000 0.0000 0.0000 0.0000 1.3949 0.0000 215.5208 215.5208
12.1500 168.2634 0.0000 -58.2973 0.0000 0.0276 0.0831 0.0000 0.0000 0.0000 0.0000 1.3961 0.0000 215.0027 215.0027
12.2500 165.6727 0.0000 -58.8154 0.0000 0.0260 0.0790 0.0000 0.0000 0.0000 0.0000 1.3973 0.0000 214.4845 214.4845
12.3500 163.0821 0.0000 -59.3336 0.0000 0.0244 0.0750 0.0000 0.0000 0.0000 0.0000 1.3985 0.0000 213.9664 213.9664
12.4500 160.4914 0.0000 -59.8517 0.0000 0.0230 0.0713 0.0000 0.0000 0.0000 0.0000 1.3997 0.0000 213.4483 213.4483
12.5500 157.9007 0.0000 -60.3699 0.0000 0.0216 0.0677 0.0000 0.0000 0.0000 0.0000 1.4009 0.0000 212.9301 212.9301
12.6500 155.3101 0.0000 -60.8880 0.0000 0.0204 0.0643 0.0000 0.0000 0.0000 0.0000 1.4021 0.0000 212.4120 212.4120
12.7500 152.7194 0.0000 -61.4061 0.0000 0.0191 0.0611 0.0000 0.0000 0.0000 0.0000 1.4033 0.0000 211.8939 211.8939
12.8500 150.1287 0.0000 -61.9243 0.0000 0.0180 0.0580 0.0000 0.0000 0.0000 0.0000 1.4045 0.0000 211.3757 211.3757
12.9500 147.8654 0.0000 -62.4623 0.0000 0.0172 0.0548 0.0000 0.0000 0.0000 0.0000 1.4057 0.0000 210.8377 210.8377
13.0500 145.6192 0.0000 -63.0014 0.0000 0.0164 0.0518 0.0000 0.0000 0.0000 0.0000 1.4069 0.0000 210.2986 210.2986
13.1500 143.3730 0.0000 -63.5405 0.0000 0.0157 0.0489 0.0000 0.0000 0.0000 0.0000 1.4081 0.0000 209.7595 209.7595
13.2500 141.1269 0.0000 -64.0795 0.0000 0.0150 0.0462 0.0000 0.0000 0.0000 0.0000 1.4093 0.0000 209.2204 209.2204
13.3500 138.8807 0.0000 -64.6186 0.0000 0.0143 0.0436 0.0000 0.0000 0.0000 0.0000 1.4105 0.0000 208.6814 208.6814
13.4500 136.6345 0.0000 -65.1577 0.0000 0.0136 0.0411 0.0000 0.0000 0.0000 0.0000 1.4117 0.0000 208.1423 208.1423
13.5500 134.3883 0.0000 -65.6968 0.0000 0.0130 0.0388 0.0000 0.0000 0.0000 0.0000 1.4129 0.0000 207.6032 207.6032
13.6500 132.1421 0.0000 -66.2359 0.0000 0.0124 0.0366 0.0000 0.0000 0.0000 0.0000 1.4141 0.0000 207.0641 207.0641
13.7500 129.8960 0.0000 -66.7750 0.0000 0.0118 0.0345 0.0000 0.0000 0.0000 0.0000 1.4153 0.0000 206.5250 206.5250
13.8500 127.6498 0.0000 -67.3141 0.0000 0.0113 0.0326 0.0000 0.0000 0.0000 0.0000 1.4165 0.0000 205.9859 205.9859
13.9500 125.4036 0.0000 -67.8531 0.0000 0.0107 0.0307 0.0000 0.0000 0.0000 0.0000 1.4177 0.0000 205.4469 205.4469
14.0500 123.4569 0.0000 -68.1475 0.0000 0.0106 0.0299 0.0000 0.0000 0.0000 0.0000 1.4189 0.0000 205.1525 205.1525
14.1500 121.5758 0.0000 -68.3883 0.0000 0.0105 0.0294 0.0000 0.0000 0.0000 0.0000 1.4201 0.0000 204.9117 204.9117
14.2500 119.6947 0.0000 -68.6291 0.0000 0.0104 0.0288 0.0000 0.0000 0.0000 0.0000 1.4213 0.0000 204.6709 204.6709
14.3500 117.8135 0.0000 -68.8699 0.0000 0.0104 0.0283 0.0000 0.0000 0.0000 0.0000 1.4225 0.0000 204.4301 204.4301
14.4500 115.9324 0.0000 -69.1106 0.0000 0.0103 0.0277 0.0000 0.0000 0.0000 0.0000 1.4237 0.0000 204.1893 204.1893
14.5500 114.0513 0.0000 -69.3514 0.0000 0.0102 0.0272 0.0000 0.0000 0.0000 0.0000 1.4249 0.0000 203.9486 203.9486
14.6500 112.1702 0.0000 -69.5922 0.0000 0.0102 0.0267 0.0000 0.0000 0.0000 0.0000 1.4261 0.0000 203.7078 203.7078
14.7500 110.2891 0.0000 -69.8330 0.0000 0.0101 0.0263 0.0000 0.0000 0.0000 0.0000 1.4273 0.0000 203.4670 203.4670
14.8500 108.4080 0.0000 -70.0738 0.0000 0.0101 0.0258 0.0000 0.0000 0.0000 0.0000 1.4285 0.0000 203.2262 203.2262
14.9500 106.5269 0.0000 -70.3146 0.0000 0.0100 0.0253 0.0000 0.0000 0.0000 0.0000 1.4297 0.0000 202.9854 202.9854
15.0500 104.6458 0.0000 -70.5553 0.0000 0.0099 0.0249 0.0000 0.0000 0.0000 0.0000 1.4309 0.0000 202.7446 202.7446
15.1500 102.7646 0.0000 -70.7961 0.0000 0.0099 0.0245 0.0000 0.0000 0.0000 0.0000 1.4321 0.0000 202.5039 202.5039
15.2500 100.8835 0.0000 -71.0369 0.0000 0.0098 0.0240 0.0000 0.0000 0.0000 0.0000 1.4333 0.0000 202.2631 202.2631
15.3500 99.2464 0.0000 -71.1073 0.0000 0.0098 0.0242 0.0000 0.0000 0.0000 0.0000 1.4345 0.0000 202.1927 202.1927
15.4500 97.8252 0.0000 -71.0268 0.0000 0.0097 0.0248 0.0000 0.0000 0.0000 0.0000 1.4357 0.0000 202.2732 202.2732
15.5500 96.4041 0.0000 -70.9462 0.0000 0.0096 0.0255 0.0000 0.0000 0.0000 0.0000 1.4369 0.0000 202.3538 202.3538
15.6500 94.9830 0.0000 -70.8657 0.0000 0.0096 0.0262 0.0000 0.0000 0.0000 0.0000 1.4381 0.0000 202.4343 202.4343
15.7500 93.5618 0.0000 -70.7852 0.0000 0.0095 0.0269 0.0000 0.0000 0.0000 0.0000 1.4393 0.0000 202.5148 202.5148
15.8500 92.1407 0.0000 -70.7046 0.0000 0.0094 0.0277 0.0000 0.0000 0.0000 0.0000 1.4405 0.0000 202.5954 202.5954
15.9500 90.7196 0.0000 -70.6241 0.0000 0.0093 0.0284 0.0000 0.0000 0.0000 0.0000 1.4417 0.0000 202.6759 202.6759
16.0500 89.2985 0.0000 -70.5436 0.0000 0.0092 0.0292 0.0000 0.0000 0.0000 0.0000 1.4429 0.0000 202.7564 202.7564
16.1500 87.8773 0.0000 -70.4630 0.0000 0.0090 0.0300 0.0000 0.0000 0.0000 0.0000 1.4441 0.0000 202.8369 202.8369
16.2500 86.4562 0.0000 -70.3825 0.0000 0.0089 0.0309 0.0000 0.0000 0.0000 0.0000 1.4453 0.0000 202.9175 202.9175
16.3500 85.0351 0.0000 -70.3020 0.0000 0.0088 0.0318 0.0000 0.0000 0.0000 0.0000 1.4465 0.0000 202.9980 202.9980
16.4500 83.6140 0.0000 -70.2215 0.0000 0.0086 0.0327 0.0000 0.0000 0.0000 0.0000 1.4477 0.0000 203.0785 203.0785
16.5500 82.1928 0.0000 -70.1409 0.0000 0.0084 0.0337 0.0000 0.0000 0.0000 0.0000 1.4489 0.0000 203.1591 203.1591
16.6500 80.7717 0.0000 -70.0604 0.0000 0.0082 0.0347 0.0000 0.0000 0.0000 0.0000 1.4501 0.0000 203.2396 203.2396
16.7500 79.3506 0.0000 -69.9799 0.0000 0.0080 0.0357 0.0000 0.0000 0.0000 0.0000 1.4513 0.0000 203.3201 203.3201
16.8500 77.9295 0.0000 -69.8993 0.0000 0.0078 0.0368 0.0000 0.0000 0.0000 0.0000 1.4525 0.0000 203.4007 203.4007
16.9500 76.5083 0.0000 -69.8188 0.0000 0.0075 0.0379 0.0000 0.0000 0.0000 0.0000 1.4537 0.0000 203.4812 203.4812
17.0500 75.0872 0.0000 -69.7383 0.0000 0.0073 0.0391 0.0000 0.0000 0.0000 0.0000 1.4549 0.0000 203.5617 203.5617
17.1500 73.6661 0.0000 -69.6577 0.0000 0.0070 0.0403 0.0000 0.0000 0.0000 0.0000 1.4561 0.0000 203.6422 203.6422
17.2500 72.2449 0.0000 -69.5772 0.0000 0.0067 0.0416 0.0000 0.0000 0.0000 0.0000 1.4573 0.0000 203.7228 203.7228
17.3500 70.8238 0.0000 -69.4967 0.0000 0.0063 0.0429 0.0000 0.0000 0.0000 0.0000 1.4585 0.0000 203.8033 203.8033
17.4500 69.5883 0.0000 -69.2853 0.0000 0.0062 0.0451 0.0000 0.0000 0.0000 0.0000 1.4597 0.0000 204.0147 204.0147
17.5500 68.6089 0.0000 -68.8936 0.0000 0.0063 0.0484 0.0000 0.0000 0.0000 0.0000 1.4609 0.0000 204.4064 204.4064
17.6500 67.6295 0.0000 -68.5018 0.0000 0.0065 0.0519 0.0000 0.0000 0.0000 0.0000 1.4621 0.0000 204.7982 204.7982
17.7500 66.6500 0.0000 -68.1100 0.0000 0.0066 0.0557 0.0000 0.0000 0.0000 0.0000 1.4633 0.0000 205.1900 205.1900
17.8500 65.6706 0.0000 -67.7182 0.0000 0.0067 0.0598 0.0000 0.0000 0.0000 0.0000 1.4645 0.0000 205.5818 205.5818
17.9500 64.6912 0.0000 -67.3265 0.0000 0.0068 0.0642 0.0000 0.0000 0.0000 0.0000 1.4657 0.0000 205.9735 205.9735
18.0500 63.7117 0.0000 -66.9347 0.0000 0.0068 0.0689 0.0000 0.0000 0.0000 0.0000 1.4669 0.0000 206.3653 206.3653
18.1500 62.7323 0.0000 -66.5429 0.0000 0.0069 0.0739 0.0000 0.0000 0.0000 0.0000 1.4681 0.0000 206.7571 206.7571
18.2500 61.7529 0.0000 -66.1512 0.0000 0.0069 0.0793 0.0000 0.0000 0.0000 0.0000 1.4693 0.0000 207.1488 207.1488
18.3500 60.7734 0.0000 -65.7594 0.0000 0.0068 0.0851 0.0000 0.0000 0.0000 0.0000 1.4705 0.0000 207.5406 207.5406
18.4500 59.7940 0.0000 -65.3676 0.0000 0.0067 0.0913 0.0000 0.0000 0.0000 0.0000 1.4717 0.0000 207.9324 207.9324
18.5500 58.8146 0.0000 -64.9758 0.0000 0.0066 0.0980 0.0000 0.0000 0.0000 0.0000 1.4729 0.0000 208.3242 208.3242
18.6500 57.8352 0.0000 -64.5841 0.0000 0.0064 0.1052 0.0000 0.0000 0.0000 0.0000 1.4741 0.0000 208.7159 208.7159
18.7500 56.8557 0.0000 -64.1923 0.0000 0.0062 0.1129 0.0000 0.0000 0.0000 0.0000 1.4753 0.0000 209.1077 209.1077
18.8500 55.8763 0.0000 -63.8005 0.0000 0.0058 0.1212 0.0000 0.0000 0.0000 0.0000 1.4765 0.0000 209.4995 209.4995
18.9500 54.8969 0.0000 -63.4087 0.0000 0.0054 0.1301 0.0000 0.0000 0.0000 0.0000 1.4777 0.0000 209.8913 209.8913
19.0500 53.9174 0.0000 -63.0170 0.0000 0.0050 0.1396 0.0000 0.0000 0.0000 0.0000 1.4789 0.0000 210.2830 210.2830
19.1500 52.9380 0.0000 -62.6252 0.0000 0.0044 0.1499 0.0000 0.0000 0.0000 0.0000 1.4801 0.0000 210.6748 210.6748
19.2500 51.9586 0.0000 -62.2334 0.0000 0.0037 0.1610 0.0000 0.0000 0.0000 0.0000 1.4813 0.0000 211.0666 211.0666
19.3500 50.9791 0.0000 -61.8416 0.0000 0.0028 0.1728 0.0000 0.0000 0.0000 0.0000 1.4825 0.0000 211.4583 211.4583
19.4500 49.9998 0.0000 -61.4499 0.0000 0.0019 0.1856 0.0000 0.0000 0.0000 0.0000 1.4837 0.0000 211.8501 211.8501
19.5500 49.3769 0.0000 -61.2693 0.0000 0.0019 0.1925 0.0000 0.0000 0.0000 0.0000 1.4849 0.0000 212.0307 212.0307
19.6500 48.7541 0.0000 -61.0887 0.0000 0.0019 0.1997 0.0000 0.0000 0.0000 0.0000 1.4861 0.0000 212.2113 212.2113
19.7500 48.1312 0.0000 -60.9081 0.0000 0.0019 0.2071 0.0000 0.0000 0.0000 0.0000 1.4873 0.0000 212.3919 212.3919
19.8500 47.5084 0.0000 -60.7274 0.0000 0.0019 0.2149 0.0000 0.0000 0.0000 0.0000 1.4885 0.0000 212.5726 212.5726
