height(km) press(hPa) W(M/S) T(C) T-TE(C) QV(g/kg) SAT(g/kg) QC(g/kg) QH(g/kg) QI(g/kg) "Buoy(1e-2 m/s2)" radius(m) dwdt_entr(unitless) plumeT(K) envT(K)
0.0000 794.9158 41.7266 27.1491 0.2189 4.2711 29.7460 0.0000 0.0000 0.0000 2.3462 3.8982 -0.0348 300.4491 300.2302
0.0500 790.4910 41.6787 26.3741 0.4837 4.2710 28.5287 0.0000 0.0000 0.0000 2.3462 3.9018 -0.0348 299.6741 299.1904
0.1500 781.6415 41.6851 25.3947 1.5839 4.2702 27.1724 0.0000 0.0000 0.0000 4.5123 3.9078 -0.0437 298.6946 297.1107
0.2500 772.7958 41.6838 24.4099 2.3715 4.2684 25.8661 0.0000 0.0000 0.0000 5.3000 3.9159 -0.0594 297.7098 295.3384
0.3500 763.9619 41.6453 23.4260 2.2357 4.2663 24.6181 0.0000 0.0000 0.0000 5.0444 3.9241 -0.0677 296.7260 294.4903
0.4500 755.1279 41.5989 22.4427 2.1004 4.2638 23.4257 0.0000 0.0000 0.0000 4.7733 3.9325 -0.0684 295.7427 293.6423
0.5500 746.4327 41.5437 21.4600 1.9596 4.2610 22.2823 0.0000 0.0000 0.0000 4.4666 3.9409 -0.0692 294.7600 292.8004
0.6500 737.9293 41.4787 20.4779 1.8109 4.2583 21.1847 0.0000 0.0000 0.0000 4.1412 3.9495 -0.0699 293.7779 291.9671
0.7500 729.4259 41.4039 19.4964 1.6627 4.2556 20.1368 0.0000 0.0000 0.0000 3.8183 3.9581 -0.0707 292.7964 291.1337
0.8500 720.9225 41.3193 18.5157 1.5153 4.2529 19.1366 0.0000 0.0000 0.0000 3.4978 3.9670 -0.0714 291.8156 290.3004
0.9500 712.4191 41.2251 17.5356 1.3685 4.2501 18.1822 0.0000 0.0000 0.0000 3.1795 3.9760 -0.0722 290.8356 289.4671
1.0500 703.9156 41.1212 16.5562 1.2225 4.2473 17.2716 0.0000 0.0000 0.0000 2.8925 3.9851 -0.0729 289.8562 288.6337
1.1500 695.6561 41.0095 15.5775 1.1053 4.2443 16.3968 0.0000 0.0000 0.0000 2.6619 3.9943 -0.0732 288.8775 287.7722
1.2500 687.6046 40.8931 14.5991 1.0126 4.2415 15.5576 0.0000 0.0000 0.0000 2.4592 4.0034 -0.0727 287.8991 286.8865
1.3500 679.5530 40.7732 13.6212 0.9204 4.2386 14.7574 0.0000 0.0000 0.0000 2.2596 4.0126 -0.0720 286.9212 286.0008
1.4500 671.5015 40.6499 12.6440 0.8288 4.2356 13.9948 0.0000 0.0000 0.0000 2.0625 4.0217 -0.0713 285.9439 285.1152
1.5500 663.4500 40.5230 11.6670 0.7375 4.2326 13.2678 0.0000 0.0000 0.0000 1.8679 4.0309 -0.0706 284.9670 284.2295
1.6500 655.3985 40.3926 10.6906 0.6468 4.2295 12.5753 0.0000 0.0000 0.0000 1.6668 4.0400 -0.0700 283.9906 283.3438
1.7500 647.4923 40.2579 9.7148 0.5506 4.2263 11.9129 0.0000 0.0000 0.0000 1.4410 4.0491 -0.0691 283.0147 282.4641
1.8500 639.8819 40.1203 8.7393 0.4427 4.2231 11.2767 0.0000 0.0000 0.0000 1.1996 4.0579 -0.0672 282.0392 281.5965
1.9500 632.2716 39.9824 7.7643 0.3354 4.2200 10.6714 0.0000 0.0000 0.0000 0.9606 4.0666 -0.0648 281.0643 280.7289
2.0500 624.6613 39.8442 6.7899 0.2286 4.2169 10.0956 0.0000 0.0000 0.0000 0.7236 4.0750 -0.0624 280.0899 279.8614
2.1500 617.0509 39.7055 5.8159 0.1221 4.2137 9.5478 0.0000 0.0000 0.0000 0.4884 4.0831 -0.0600 279.1159 278.9938
2.2500 609.4406 39.5665 4.8424 0.0161 4.2105 9.0269 0.0000 0.0000 0.0000 0.2548 4.0910 -0.0577 278.1424 278.1262
2.3500 601.8302 39.4267 3.8694 -0.0893 4.2073 8.5317 0.0000 0.0000 0.0000 -0.0154 4.0987 -0.0554 277.1694 277.2586
2.4500 594.5750 39.2841 2.8967 -0.2348 4.2039 8.0562 0.0000 0.0000 0.0000 -0.3357 4.1062 -0.0533 276.1967 276.4315
2.5500 587.4320 39.1373 1.9246 -0.3927 4.2002 7.6032 0.0000 0.0000 0.0000 -0.6701 4.1136 -0.0515 275.2246 275.6172
2.6500 580.2892 38.9855 0.9530 -0.5499 4.1962 7.1732 0.0000 0.0000 0.0000 -1.0066 4.1207 -0.0498 274.2530 274.8029
2.7500 573.1463 38.8290 -0.0180 -0.7067 4.1919 6.7652 0.0000 0.0000 0.0000 -1.3453 4.1278 -0.0482 273.2820 273.9887
2.8500 566.0035 38.6665 -0.9884 -0.8628 4.1875 6.3781 0.0000 0.0000 0.0000 -1.6861 4.1346 -0.0467 272.3116 273.1744
2.9500 558.8606 38.4992 -1.9584 -1.0185 4.1828 6.0111 0.0000 0.0000 0.0000 -2.0292 4.1414 -0.0452 271.3416 272.3601
3.0500 551.7178 38.3245 -2.9278 -1.1736 4.1779 5.6632 0.0000 0.0000 0.0000 -2.5704 4.1480 -0.0438 270.3722 271.5458
3.1500 544.9433 38.1324 -3.8962 -1.5012 4.1726 5.3300 0.0000 0.0000 0.0000 -3.3722 4.1547 -0.0433 269.4038 270.9050
3.2500 538.2855 37.9144 -4.8629 -1.8820 4.1665 5.0139 0.0000 0.0000 0.0000 -4.2407 4.1616 -0.0440 268.4371 270.3191
3.3500 531.6277 37.6707 -5.8288 -2.2620 4.1601 4.7148 0.0000 0.0000 0.0000 -5.1085 4.1687 -0.0449 267.4712 269.7332
3.4500 524.9700 37.3983 -6.7884 -2.6357 4.1512 4.4338 0.0004 0.0000 0.0000 -6.0193 4.1760 -0.0457 266.5116 269.1473
3.5500 518.3121 37.0977 -7.7821 -3.0436 4.1560 4.1566 0.0134 0.0000 0.0000 -6.7126 4.1836 -0.0465 265.5179 268.5615
3.6500 511.6544 36.7819 -8.5176 -3.1931 4.0573 3.9750 0.1107 0.0000 0.0000 -7.0404 4.1915 -0.0473 264.7824 267.9756
3.7500 504.9966 36.4552 -9.1566 -3.2462 3.9199 3.8297 0.2288 0.0000 0.0000 -7.2418 4.1996 -0.0480 264.1434 267.3897
3.8500 498.4730 36.1188 -9.7866 -3.2838 3.7789 3.6910 0.3293 0.0000 0.0000 -7.4029 4.2079 -0.0487 263.5134 266.7973
3.9500 492.3530 35.7736 -10.4186 -3.3039 3.6385 3.5534 0.4647 0.0000 0.0000 -7.5541 4.2165 -0.0491 262.8814 266.1853
4.0500 486.2331 35.4199 -11.0567 -3.3300 3.5005 3.4189 0.5893 0.0000 0.0000 -7.7203 4.2252 -0.0494 262.2433 265.5733
4.1500 480.1131 35.0568 -11.7019 -3.3632 3.3652 3.2873 0.7119 0.0000 0.0000 -7.9050 4.2342 -0.0496 261.5981 264.9613
4.2500 473.9932 34.6839 -12.3543 -3.4036 3.2329 3.1584 0.8304 0.0000 0.0000 -8.1079 4.2435 -0.0497 260.9457 264.3493
4.3500 467.8732 34.3000 -13.0139 -3.4512 3.1034 3.0324 0.9452 0.0000 0.0000 -8.3290 4.2529 -0.0498 260.2861 263.7373
4.4500 461.7533 33.9050 -13.6808 -3.5061 2.9769 2.9093 1.0562 0.0000 0.0000 -8.5683 4.2626 -0.0499 259.6192 263.1253
4.5500 455.6333 33.4973 -14.3549 -3.5683 2.8534 2.7891 1.1634 0.0000 0.0000 -8.8117 4.2725 -0.0499 258.9450 262.5133
4.6500 449.5538 33.0785 -15.0362 -3.6255 2.7330 2.6716 1.2666 0.0000 0.0000 -8.8951 4.2827 -0.0498 258.2638 261.8893
4.7500 443.9421 32.6585 -15.7213 -3.5474 2.6144 2.5552 1.3684 0.0000 0.0000 -8.8304 4.2927 -0.0483 257.5787 261.1261
4.8500 438.3304 32.2427 -16.4128 -3.4757 2.4985 2.4421 1.4678 0.0000 0.0000 -8.7797 4.3025 -0.0458 256.8872 260.3629
4.9500 432.7188 31.8306 -17.1113 -3.4110 2.3858 2.3322 1.5643 0.0000 0.0000 -8.7443 4.3120 -0.0434 256.1887 259.5997
5.0500 427.1071 31.4215 -17.8170 -3.3536 2.2764 2.2254 1.6580 0.0000 0.0000 -8.7242 4.3212 -0.0410 255.4830 258.8365
5.1500 421.4954 31.0148 -18.5300 -3.3034 2.1702 2.1217 1.7490 0.0000 0.0000 -8.7197 4.3302 -0.0387 254.7700 258.0734
5.2500 415.8837 30.6099 -19.2502 -3.2604 2.0672 2.0211 1.8371 0.0000 0.0000 -8.7309 4.3390 -0.0365 254.0498 257.3102
5.3500 410.2721 30.2061 -19.9777 -3.2247 1.9674 1.9237 1.9225 0.0000 0.0000 -8.7580 4.3474 -0.0344 253.3223 256.5470
5.4500 404.6604 29.8026 -20.7124 -3.1962 1.8709 1.8294 2.0051 0.0000 0.0000 -8.7900 4.3556 -0.0323 252.5876 255.7838
5.5500 399.1369 29.4001 -21.4538 -3.1657 1.7774 1.7379 2.0852 0.0000 0.0000 -8.7735 4.3636 -0.0302 251.8462 255.0119
5.6500 394.0452 29.0015 -22.2000 -3.0972 1.6859 1.6481 2.1640 0.0000 0.0000 -8.7183 4.3711 -0.0280 251.1000 254.1972
5.7500 388.9536 28.6073 -22.9528 -3.0354 1.5973 1.5615 2.2406 0.0000 0.0000 -8.6775 4.3782 -0.0256 250.3472 253.3826
5.8500 383.8619 28.2170 -23.7129 -2.9808 1.5120 1.4781 2.3148 0.0000 0.0000 -8.6517 4.3849 -0.0233 249.5871 252.5679
5.9500 378.7703 27.8299 -24.4804 -2.9336 1.4298 1.3978 2.3867 0.0000 0.0000 -8.6414 4.3912 -0.0211 248.8196 251.7532
6.0500 373.6786 27.4452 -25.2552 -2.8938 1.3507 1.3206 2.4562 0.0000 0.0000 -8.6468 4.3970 -0.0189 248.0448 250.9386
6.1500 368.5870 27.0622 -26.0373 -2.8612 1.2748 1.2463 2.5234 0.0000 0.0000 -8.6681 4.4023 -0.0169 247.2627 250.1239
6.2500 363.4953 26.6802 -26.8267 -2.8360 1.2019 1.1751 2.5884 0.0000 0.0000 -8.7055 4.4073 -0.0149 246.4733 249.3092
6.3500 358.4037 26.2983 -27.6235 -2.8181 1.1320 1.1068 2.6511 0.0000 0.0000 -8.7595 4.4117 -0.0129 245.6765 248.4946
6.4500 353.3120 25.9157 -28.4277 -2.8077 1.0654 1.0414 2.7115 0.0000 0.0000 -8.8885 4.4156 -0.0110 244.8722 247.6799
6.5500 348.4070 25.5250 -29.2381 -2.8491 1.0013 0.9783 2.7700 0.0000 0.0000 -9.2023 4.4192 -0.0097 244.0619 246.9110
6.6500 343.8490 25.1129 -30.0539 -2.9813 0.9395 0.9174 2.8255 0.0000 0.0000 -9.6415 4.4231 -0.0096 243.2460 246.2274
6.7500 339.2911 24.6728 -30.8759 -3.1196 0.8806 0.8593 2.8776 0.0000 0.0000 -10.0956 4.4274 -0.0103 242.4240 245.5437
6.8500 334.7333 24.2027 -31.7040 -3.2640 0.8246 0.8041 2.9262 0.0000 0.0000 -10.5644 4.4321 -0.0109 241.5959 244.8600
6.9500 330.1754 23.7002 -32.5378 -3.4142 0.7714 0.7517 2.9713 0.0000 0.0000 -11.0471 4.4372 -0.0115 240.7621 244.1763
7.0500 325.6175 23.1630 -33.3770 -3.5697 0.7209 0.7020 3.0131 0.0000 0.0000 -11.5431 4.4427 -0.0120 239.9229 243.4926
7.1500 321.0596 22.5881 -34.2214 -3.7303 0.6730 0.6549 3.0515 0.0000 0.0000 -12.0515 4.4486 -0.0125 239.0786 242.8089
7.2500 316.5017 21.9723 -35.0703 -3.8956 0.6278 0.6104 3.0865 0.0000 0.0000 -12.5717 4.4550 -0.0129 238.2296 242.1253
7.3500 311.9438 21.3117 -35.9237 -4.0653 0.5850 0.5684 3.1183 0.0000 0.0000 -13.1027 4.4620 -0.0133 237.3763 241.4416
7.4500 307.3860 20.6020 -36.7811 -4.2390 0.5446 0.5288 3.1467 0.0000 0.0000 -13.6433 4.4695 -0.0135 236.5189 240.7579
7.5500 302.8281 19.8377 -37.6416 -4.4158 0.5065 0.4915 3.1720 0.0000 0.0000 -14.2356 4.4776 -0.0137 235.6584 240.0742
7.6500 298.4940 19.0055 -38.5039 -4.6280 0.4703 0.4562 3.1944 0.0000 0.0000 -14.9522 4.4864 -0.0137 234.7961 239.4241
7.7500 294.5257 18.0900 -39.3682 -4.8971 0.4360 0.4226 3.2140 0.0000 0.0000 -15.7484 4.4958 -0.0134 233.9318 238.8289
7.8500 290.5575 17.0790 -40.2343 -5.1679 0.4039 0.3911 3.2304 0.0000 0.0000 -16.5489 4.5059 -0.0129 233.0657 238.2336
7.9500 286.5892 15.9526 -41.1012 -5.4396 0.3739 0.3618 3.2435 0.0000 0.0000 -17.3510 4.5168 -0.0123 232.1988 237.6384
8.0500 282.6209 14.6859 -41.9678 -5.7110 0.3459 0.3344 3.2530 0.0000 0.0000 -18.1518 4.5287 -0.0116 231.3322 237.0431
8.1500 278.6527 13.2277 -42.8331 -5.9810 0.3199 0.3090 3.2589 0.0000 0.0000 -18.9423 4.5418 -0.0106 230.4669 236.4479
8.2500 274.6844 11.5214 -43.6922 -6.2448 0.2959 0.2855 3.2595 0.0000 0.0000 -19.7267 4.5572 -0.0094 229.6078 235.8527
8.3500 270.7162 9.2708 -44.5521 -6.5095 0.2729 0.2636 3.2589 0.0000 0.0000 -20.3795 4.5731 -0.0077 228.7479 235.2574
8.4500 266.7480 5.2070 -45.3304 -6.6926 0.2691 0.2455 3.2010 0.0000 0.0000 -19.0200 4.6120 -0.0043 227.9696 234.6622
8.5500 262.7797 0.4050 -44.8526 -5.6196 0.2618 0.2627 2.7540 0.0000 0.0000 -13.5833 4.8696 -0.0003 228.4473 234.0669
8.6500 258.8114 -1.7760 -42.8986 -3.0703 0.2277 0.3303 1.9069 0.0000 0.0000 -6.7857 5.3529 -0.0012 230.4014 233.4717
8.7500 254.8432 -1.3625 -41.5070 -1.0834 0.1913 0.3897 1.2627 0.0000 0.0000 -2.6884 5.7122 -0.0008 231.7930 232.8765
8.8500 250.8749 -0.6334 -41.3739 -0.3551 0.1588 0.4015 0.9468 0.0000 0.0000 -1.1635 5.8820 -0.0003 231.9261 232.2812
8.9500 247.2475 -0.2506 -41.8403 -0.1068 0.1386 0.3876 0.7550 0.0000 0.0000 -0.5997 5.9690 -0.0001 231.4596 231.5665
9.0500 243.7164 -0.0979 -42.5082 -0.0260 0.1216 0.3659 0.6146 0.0000 0.0000 -0.3798 6.0171 -0.0000 230.7918 230.8179
9.1500 240.1853 -0.0437 -43.2359 -0.0052 0.1068 0.3432 0.5015 0.0000 0.0000 -0.2814 6.0400 -0.0000 230.0641 230.0693
9.2500 236.6542 -0.0236 -43.9798 -0.0005 0.0939 0.3211 0.4072 0.0000 0.0000 -0.2211 6.0429 -0.0000 229.3202 229.3207
9.3500 233.1232 -0.0143 -44.7273 0.0005 0.0829 0.3003 0.3279 0.0000 0.0000 -0.1734 6.0286 -0.0000 228.5726 228.5721
9.4500 229.5921 -0.0084 -45.4742 0.0022 0.0736 0.2807 0.2614 0.0000 0.0000 -0.1199 5.9988 -0.0000 227.8257 227.8235
9.5500 226.0610 -0.0051 -46.2129 0.0122 0.0658 0.2625 0.2060 0.0000 0.0000 -0.0838 5.9543 -0.0000 227.0871 227.0749
9.6500 222.7377 -0.0038 -46.8963 0.0061 0.0594 0.2467 0.1604 0.0000 0.0000 -0.0754 5.8951 -0.0000 226.4037 226.3975
9.7500 219.5035 -0.0029 -47.5485 0.0008 0.0541 0.2325 0.1232 0.0000 0.0000 -0.0641 5.8211 -0.0000 225.7515 225.7507
9.8500 216.2693 -0.0020 -48.1960 0.0001 0.0498 0.2192 0.0932 0.0000 0.0000 -0.0493 5.7315 -0.0000 225.1040 225.1039
9.9500 213.0352 -0.0013 -48.8429 0.0000 0.0463 0.2066 0.0694 0.0000 0.0000 -0.0368 5.6247 -0.0000 224.4570 224.4570
10.0500 209.8010 -0.0009 -49.4898 0.0000 0.0435 0.1946 0.0508 0.0000 0.0000 -0.0268 5.4983 -0.0000 223.8102 223.8102
10.1500 206.5669 -0.0005 -50.1366 0.0001 0.0411 0.1834 0.0363 0.0000 0.0000 -0.0182 5.3488 -0.0000 223.1634 223.1634
10.2500 203.3327 -0.0001 -50.7828 0.0007 0.0392 0.1727 0.0252 0.0000 0.0000 -0.0016 5.1718 -0.0000 222.5172 222.5165
10.3500 200.0986 0.0001 -51.4229 0.0074 0.0375 0.1627 0.0167 0.0000 0.0000 0.0033 4.9617 -0.0000 221.8771 221.8697
10.4500 197.1718 -0.0001 -51.9922 0.0008 0.0361 0.1543 0.0101 0.0000 0.0000 -0.0036 4.7114 -0.0000 221.3078 221.3070
10.5500 194.2546 -0.0000 -52.5531 0.0000 0.0347 0.1465 0.0047 0.0000 0.0000 0.0000 4.4056 -0.0000 220.7469 220.7469
10.6500 191.3375 0.0000 -53.1132 0.0000 0.0334 0.1390 0.0000 0.0000 0.0000 0.0000 4.0260 0.0000 220.1868 220.1868
10.7500 188.4203 0.0000 -53.6733 0.0000 0.0322 0.1319 0.0000 0.0000 0.0000 0.0000 4.0272 0.0000 219.6267 219.6267
10.8500 185.5032 0.0000 -54.2334 0.0000 0.0310 0.1252 0.0000 0.0000 0.0000 0.0000 4.0284 0.0000 219.0666 219.0666
10.9500 182.5860 0.0000 -54.7935 0.0000 0.0298 0.1187 0.0000 0.0000 0.0000 0.0000 4.0296 0.0000 218.5065 218.5065
11.0500 179.6689 0.0000 -55.3536 0.0000 0.0287 0.1126 0.0000 0.0000 0.0000 0.0000 4.0308 0.0000 217.9464 217.9464
11.1500 176.7517 0.0000 -55.9137 0.0000 0.0275 0.1068 0.0000 0.0000 0.0000 0.0000 4.0320 0.0000 217.3863 217.3863
11.2500 173.9693 0.0000 -56.4644 0.0000 0.0263 0.1013 0.0000 0.0000 0.0000 0.0000 4.0332 0.0000 216.8356 216.8356
11.3500 171.3893 0.0000 -57.0010 0.0000 0.0250 0.0961 0.0000 0.0000 0.0000 0.0000 4.0344 0.0000 216.2990 216.2990
11.4500 168.8093 0.0000 -57.5377 0.0000 0.0237 0.0912 0.0000 0.0000 0.0000 0.0000 4.0356 0.0000 215.7623 215.7623
11.5500 166.2293 0.0000 -58.0743 0.0000 0.0225 0.0865 0.0000 0.0000 0.0000 0.0000 4.0368 0.0000 215.2257 215.2257
11.6500 163.6493 0.0000 -58.6109 0.0000 0.0213 0.0821 0.0000 0.0000 0.0000 0.0000 4.0380 0.0000 214.6891 214.6891
11.7500 161.0694 0.0000 -59.1476 0.0000 0.0202 0.0778 0.0000 0.0000 0.0000 0.0000 4.0392 0.0000 214.1524 214.1524
11.8500 158.4894 0.0000 -59.6842 0.0000 0.0192 0.0738 0.0000 0.0000 0.0000 0.0000 4.0404 0.0000 213.6158 213.6158
11.9500 155.9094 0.0000 -60.2208 0.0000 0.0182 0.0699 0.0000 0.0000 0.0000 0.0000 4.0416 0.0000 213.0791 213.0791
12.0500 153.3294 0.0000 -60.7575 0.0000 0.0172 0.0663 0.0000 0.0000 0.0000 0.0000 4.0428 0.0000 212.5425 212.5425
12.1500 150.7495 0.0000 -61.2941 0.0000 0.0163 0.0628 0.0000 0.0000 0.0000 0.0000 4.0440 0.0000 212.0059 212.0059
12.2500 148.4034 0.0000 -61.8970 0.0000 0.0159 0.0589 0.0000 0.0000 0.0000 0.0000 4.0452 0.0000 211.4030 211.4030
12.3500 146.1532 0.0000 -62.5271 0.0000 0.0156 0.0550 0.0000 0.0000 0.0000 0.0000 4.0464 0.0000 210.7729 210.7729
12.4500 143.9030 0.0000 -63.1572 0.0000 0.0152 0.0513 0.0000 0.0000 0.0000 0.0000 4.0476 0.0000 210.1428 210.1428
12.5500 141.6527 0.0000 -63.7872 0.0000 0.0148 0.0479 0.0000 0.0000 0.0000 0.0000 4.0488 0.0000 209.5128 209.5128
12.6500 139.4025 0.0000 -64.4173 0.0000 0.0144 0.0446 0.0000 0.0000 0.0000 0.0000 4.0500 0.0000 208.8827 208.8827
12.7500 137.1523 0.0000 -65.0473 0.0000 0.0140 0.0416 0.0000 0.0000 0.0000 0.0000 4.0512 0.0000 208.2526 208.2526
12.8500 134.9021 0.0000 -65.6774 0.0000 0.0136 0.0388 0.0000 0.0000 0.0000 0.0000 4.0524 0.0000 207.6226 207.6226
12.9500 132.6519 0.0000 -66.3075 0.0000 0.0132 0.0361 0.0000 0.0000 0.0000 0.0000 4.0536 0.0000 206.9925 206.9925
13.0500 130.4016 0.0000 -66.9375 0.0000 0.0127 0.0336 0.0000 0.0000 0.0000 0.0000 4.0548 0.0000 206.3624 206.3624
13.1500 128.1514 0.0000 -67.5676 0.0000 0.0122 0.0313 0.0000 0.0000 0.0000 0.0000 4.0560 0.0000 205.7324 205.7324
13.2500 125.9012 0.0000 -68.1977 0.0000 0.0118 0.0291 0.0000 0.0000 0.0000 0.0000 4.0572 0.0000 205.1023 205.1023
13.3500 123.8722 0.0000 -68.5628 0.0000 0.0115 0.0281 0.0000 0.0000 0.0000 0.0000 4.0584 0.0000 204.7372 204.7372
13.4500 121.9911 0.0000 -68.7509 0.0000 0.0114 0.0278 0.0000 0.0000 0.0000 0.0000 4.0596 0.0000 204.5491 204.5491
13.5500 120.1100 0.0000 -68.9390 0.0000 0.0112 0.0274 0.0000 0.0000 0.0000 0.0000 4.0608 0.0000 204.3610 204.3610
13.6500 118.2289 0.0000 -69.1271 0.0000 0.0111 0.0271 0.0000 0.0000 0.0000 0.0000 4.0620 0.0000 204.1729 204.1729
13.7500 116.3478 0.0000 -69.3152 0.0000 0.0109 0.0268 0.0000 0.0000 0.0000 0.0000 4.0632 0.0000 203.9848 203.9848
13.8500 114.4667 0.0000 -69.5033 0.0000 0.0108 0.0265 0.0000 0.0000 0.0000 0.0000 4.0644 0.0000 203.7967 203.7967
13.9500 112.5856 0.0000 -69.6914 0.0000 0.0106 0.0263 0.0000 0.0000 0.0000 0.0000 4.0656 0.0000 203.6086 203.6086
14.0500 110.7044 0.0000 -69.8795 0.0000 0.0105 0.0260 0.0000 0.0000 0.0000 0.0000 4.0668 0.0000 203.4204 203.4204
14.1500 108.8233 0.0000 -70.0677 0.0000 0.0104 0.0257 0.0000 0.0000 0.0000 0.0000 4.0680 0.0000 203.2323 203.2323
14.2500 106.9422 0.0000 -70.2558 0.0000 0.0103 0.0255 0.0000 0.0000 0.0000 0.0000 4.0692 0.0000 203.0442 203.0442
14.3500 105.0611 0.0000 -70.4439 0.0000 0.0101 0.0252 0.0000 0.0000 0.0000 0.0000 4.0704 0.0000 202.8561 202.8561
14.4500 103.1800 0.0000 -70.6320 0.0000 0.0100 0.0250 0.0000 0.0000 0.0000 0.0000 4.0716 0.0000 202.6680 202.6680
14.5500 101.2989 0.0000 -70.8201 0.0000 0.0099 0.0247 0.0000 0.0000 0.0000 0.0000 4.0728 0.0000 202.4799 202.4799
14.6500 99.5608 0.0000 -70.9134 0.0000 0.0098 0.0248 0.0000 0.0000 0.0000 0.0000 4.0740 0.0000 202.3866 202.3866
14.7500 98.1416 0.0000 -70.7951 0.0000 0.0098 0.0256 0.0000 0.0000 0.0000 0.0000 4.0752 0.0000 202.5049 202.5049
14.8500 96.7225 0.0000 -70.6769 0.0000 0.0098 0.0265 0.0000 0.0000 0.0000 0.0000 4.0764 0.0000 202.6231 202.6231
14.9500 95.3034 0.0000 -70.5586 0.0000 0.0097 0.0273 0.0000 0.0000 0.0000 0.0000 4.0776 0.0000 202.7414 202.7414
15.0500 93.8843 0.0000 -70.4404 0.0000 0.0097 0.0282 0.0000 0.0000 0.0000 0.0000 4.0788 0.0000 202.8596 202.8596
15.1500 92.4652 0.0000 -70.3221 0.0000 0.0096 0.0292 0.0000 0.0000 0.0000 0.0000 4.0800 0.0000 202.9779 202.9779
15.2500 91.0461 0.0000 -70.2038 0.0000 0.0095 0.0301 0.0000 0.0000 0.0000 0.0000 4.0812 0.0000 203.0961 203.0961
15.3500 89.6270 0.0000 -70.0856 0.0000 0.0094 0.0311 0.0000 0.0000 0.0000 0.0000 4.0824 0.0000 203.2144 203.2144
15.4500 88.2079 0.0000 -69.9673 0.0000 0.0093 0.0322 0.0000 0.0000 0.0000 0.0000 4.0836 0.0000 203.3327 203.3327
15.5500 86.7888 0.0000 -69.8491 0.0000 0.0092 0.0333 0.0000 0.0000 0.0000 0.0000 4.0848 0.0000 203.4509 203.4509
15.6500 85.3697 0.0000 -69.7308 0.0000 0.0091 0.0344 0.0000 0.0000 0.0000 0.0000 4.0860 0.0000 203.5692 203.5692
15.7500 83.9505 0.0000 -69.6125 0.0000 0.0089 0.0356 0.0000 0.0000 0.0000 0.0000 4.0872 0.0000 203.6874 203.6874
15.8500 82.5314 0.0000 -69.4943 0.0000 0.0087 0.0369 0.0000 0.0000 0.0000 0.0000 4.0884 0.0000 203.8057 203.8057
15.9500 81.1123 0.0000 -69.3760 0.0000 0.0085 0.0382 0.0000 0.0000 0.0000 0.0000 4.0896 0.0000 203.9240 203.9240
16.0500 79.6932 0.0000 -69.2578 0.0000 0.0083 0.0395 0.0000 0.0000 0.0000 0.0000 4.0908 0.0000 204.0422 204.0422
16.1500 78.2741 0.0000 -69.1395 0.0000 0.0081 0.0409 0.0000 0.0000 0.0000 0.0000 4.0920 0.0000 204.1605 204.1605
16.2500 76.8550 0.0000 -69.0212 0.0000 0.0078 0.0424 0.0000 0.0000 0.0000 0.0000 4.0932 0.0000 204.2787 204.2787
16.3500 75.4359 0.0000 -68.9030 0.0000 0.0075 0.0439 0.0000 0.0000 0.0000 0.0000 4.0944 0.0000 204.3970 204.3970
16.4500 74.0168 0.0000 -68.7847 0.0000 0.0072 0.0455 0.0000 0.0000 0.0000 0.0000 4.0956 0.0000 204.5153 204.5153
16.5500 72.5977 0.0000 -68.6665 0.0000 0.0068 0.0472 0.0000 0.0000 0.0000 0.0000 4.0968 0.0000 204.6335 204.6335
16.6500 71.1786 0.0000 -68.5482 0.0000 0.0064 0.0490 0.0000 0.0000 0.0000 0.0000 4.0980 0.0000 204.7518 204.7518
16.7500 69.8349 0.0000 -68.3815 0.0000 0.0061 0.0511 0.0000 0.0000 0.0000 0.0000 4.0992 0.0000 204.9185 204.9185
16.8500 68.8607 0.0000 -67.9772 0.0000 0.0063 0.0550 0.0000 0.0000 0.0000 0.0000 4.1004 0.0000 205.3228 205.3228
16.9500 67.8865 0.0000 -67.5729 0.0000 0.0064 0.0591 0.0000 0.0000 0.0000 0.0000 4.1016 0.0000 205.7271 205.7271
17.0500 66.9123 0.0000 -67.1686 0.0000 0.0065 0.0634 0.0000 0.0000 0.0000 0.0000 4.1028 0.0000 206.1314 206.1314
17.1500 65.9381 0.0000 -66.7643 0.0000 0.0067 0.0682 0.0000 0.0000 0.0000 0.0000 4.1040 0.0000 206.5357 206.5357
17.2500 64.9639 0.0000 -66.3600 0.0000 0.0068 0.0732 0.0000 0.0000 0.0000 0.0000 4.1052 0.0000 206.9400 206.9400
17.3500 63.9898 0.0000 -65.9557 0.0000 0.0068 0.0787 0.0000 0.0000 0.0000 0.0000 4.1064 0.0000 207.3442 207.3442
17.4500 63.0156 0.0000 -65.5515 0.0000 0.0069 0.0845 0.0000 0.0000 0.0000 0.0000 4.1076 0.0000 207.7485 207.7485
17.5500 62.0414 0.0000 -65.1472 0.0000 0.0069 0.0908 0.0000 0.0000 0.0000 0.0000 4.1088 0.0000 208.1528 208.1528
17.6500 61.0672 0.0000 -64.7429 0.0000 0.0069 0.0975 0.0000 0.0000 0.0000 0.0000 4.1100 0.0000 208.5571 208.5571
17.7500 60.0930 0.0000 -64.3386 0.0000 0.0069 0.1047 0.0000 0.0000 0.0000 0.0000 4.1112 0.0000 208.9614 208.9614
17.8500 59.1188 0.0000 -63.9343 0.0000 0.0068 0.1125 0.0000 0.0000 0.0000 0.0000 4.1124 0.0000 209.3657 209.3657
17.9500 58.1447 0.0000 -63.5300 0.0000 0.0066 0.1208 0.0000 0.0000 0.0000 0.0000 4.1136 0.0000 209.7700 209.7700
18.0500 57.1705 0.0000 -63.1257 0.0000 0.0064 0.1298 0.0000 0.0000 0.0000 0.0000 4.1148 0.0000 210.1742 210.1742
18.1500 56.1963 0.0000 -62.7215 0.0000 0.0061 0.1394 0.0000 0.0000 0.0000 0.0000 4.1160 0.0000 210.5785 210.5785
18.2500 55.2221 0.0000 -62.3172 0.0000 0.0058 0.1498 0.0000 0.0000 0.0000 0.0000 4.1172 0.0000 210.9828 210.9828
18.3500 54.2479 0.0000 -61.9129 0.0000 0.0054 0.1609 0.0000 0.0000 0.0000 0.0000 4.1184 0.0000 211.3871 211.3871
18.4500 53.2737 0.0000 -61.5086 0.0000 0.0048 0.1729 0.0000 0.0000 0.0000 0.0000 4.1196 0.0000 211.7914 211.7914
18.5500 52.2996 0.0000 -61.1043 0.0000 0.0042 0.1857 0.0000 0.0000 0.0000 0.0000 4.1208 0.0000 212.1957 212.1957
18.6500 51.3254 0.0000 -60.7000 0.0000 0.0035 0.1996 0.0000 0.0000 0.0000 0.0000 4.1220 0.0000 212.6000 212.6000
18.7500 50.3512 0.0000 -60.2957 0.0000 0.0026 0.2145 0.0000 0.0000 0.0000 0.0000 4.1232 0.0000 213.0043 213.0043
18.8500 49.6014 0.0000 -60.0763 0.0000 0.0022 0.2241 0.0000 0.0000 0.0000 0.0000 4.1244 0.0000 213.2237 213.2237
18.9500 48.9782 0.0000 -59.9610 0.0000 0.0023 0.2304 0.0000 0.0000 0.0000 0.0000 4.1256 0.0000 213.3390 213.3390
19.0500 48.3549 0.0000 -59.8457 0.0000 0.0024 0.2369 0.0000 0.0000 0.0000 0.0000 4.1268 0.0000 213.4543 213.4543
19.1500 47.7317 0.0000 -59.7304 0.0000 0.0024 0.2436 0.0000 0.0000 0.0000 0.0000 4.1280 0.0000 213.5696 213.5696
19.2500 47.1084 0.0000 -59.6151 0.0000 0.0025 0.2505 0.0000 0.0000 0.0000 0.0000 4.1292 0.0000 213.6849 213.6849
19.3500 46.4852 0.0000 -59.4998 0.0000 0.0026 0.2577 0.0000 0.0000 0.0000 0.0000 4.1304 0.0000 213.8002 213.8002
19.4500 45.8619 0.0000 -59.3845 0.0000 0.0027 0.2652 0.0000 0.0000 0.0000 0.0000 4.1316 0.0000 213.9155 213.9155
19.5500 45.2387 0.0000 -59.2691 0.0000 0.0027 0.2728 0.0000 0.0000 0.0000 0.0000 4.1328 0.0000 214.0308 214.0308
19.6500 44.6154 0.0000 -59.1539 0.0000 0.0028 0.2808 0.0000 0.0000 0.0000 0.0000 4.1340 0.0000 214.1461 214.1461
19.7500 43.9922 0.0000 -59.0386 0.0000 0.0029 0.2890 0.0000 0.0000 0.0000 0.0000 4.1352 0.0000 214.2614 214.2614
19.8500 43.3690 0.0000 -58.9232 0.0000 0.0030 0.2976 0.0000 0.0000 0.0000 0.0000 4.1364 0.0000 214.3767 214.3767
