height(km) press(hPa) W(M/S) T(C) T-TE(C) QV(g/kg) SAT(g/kg) QC(g/kg) QH(g/kg) QI(g/kg) "Buoy(1e-2 m/s2)" radius(m) dwdt_entr(unitless) plumeT(K) envT(K)
0.0000 858.9973 28.3107 33.1537 0.3049 3.9628 39.3904 0.0000 0.0000 0.0000 4.7360 1.3140 -0.0603 306.4537 306.1488
0.0500 854.7521 28.2411 32.3547 1.3455 3.9598 37.7564 0.0000 0.0000 0.0000 4.7360 1.3184 -0.0603 305.6547 304.3092
0.1500 845.8304 28.2456 31.3524 2.8027 3.9516 35.9553 0.0000 0.0000 0.0000 6.3216 1.3249 -0.0657 304.6524 301.8497
0.2500 836.3607 28.2092 30.3513 2.7107 3.9430 34.2595 0.0000 0.0000 0.0000 6.1460 1.3316 -0.0731 303.6513 300.9406
0.3500 826.8909 28.1578 29.3507 2.6191 3.9340 32.6383 0.0000 0.0000 0.0000 5.8566 1.3385 -0.0750 302.6507 300.0315
0.4500 817.5622 28.0853 28.3519 2.4266 3.9249 31.0854 0.0000 0.0000 0.0000 5.4258 1.3456 -0.0763 301.6519 299.2252
0.5500 808.2685 27.9944 27.3554 2.2108 3.9156 29.6032 0.0000 0.0000 0.0000 4.9630 1.3527 -0.0769 300.6554 298.4445
0.6500 799.0008 27.8828 26.3612 1.9911 3.9062 28.1887 0.0000 0.0000 0.0000 4.4416 1.3600 -0.0773 299.6612 297.6700
0.7500 789.9427 27.7510 25.3703 1.7249 3.8968 26.8340 0.0000 0.0000 0.0000 3.8693 1.3673 -0.0767 298.6703 296.9454
0.8500 780.8848 27.6035 24.3825 1.4617 3.8875 25.5437 0.0000 0.0000 0.0000 3.3085 1.3745 -0.0752 297.6825 296.2208
0.9500 771.9162 27.4407 23.3979 1.2070 3.8783 24.3117 0.0000 0.0000 0.0000 2.7705 1.3816 -0.0731 296.6979 295.4910
1.0500 763.1134 27.2696 22.4164 0.9649 3.8694 23.1331 0.0000 0.0000 0.0000 2.2487 1.3884 -0.0693 295.7164 294.7515
1.1500 754.3106 27.0967 21.4377 0.7256 3.8609 22.0102 0.0000 0.0000 0.0000 1.7654 1.3948 -0.0645 294.7376 294.0121
1.2500 745.6680 26.9245 20.4610 0.5182 3.8527 20.9349 0.0000 0.0000 0.0000 1.3528 1.4009 -0.0595 293.7610 293.2428
1.3500 737.1790 26.7568 19.4860 0.3412 3.8449 19.9049 0.0000 0.0000 0.0000 0.9754 1.4065 -0.0542 292.7860 292.4448
1.4500 728.6901 26.5942 18.5123 0.1654 3.8375 18.9223 0.0000 0.0000 0.0000 0.5993 1.4116 -0.0489 291.8123 291.6469
1.5500 720.2010 26.4359 17.5399 -0.0090 3.8305 17.9850 0.0000 0.0000 0.0000 0.2241 1.4164 -0.0439 290.8398 290.8489
1.6500 711.7120 26.2799 16.5684 -0.1825 3.8238 17.0907 0.0000 0.0000 0.0000 -0.1508 1.4208 -0.0393 289.8684 290.0509
1.7500 703.2232 26.1260 15.5978 -0.3552 3.8175 16.2374 0.0000 0.0000 0.0000 -0.5072 1.4248 -0.0351 288.8978 289.2530
1.8500 695.0135 25.9721 14.6277 -0.5037 3.8115 15.4168 0.0000 0.0000 0.0000 -0.8326 1.4286 -0.0323 287.9277 288.4314
1.9500 686.9750 25.8108 13.6585 -0.6369 3.8056 14.6304 0.0000 0.0000 0.0000 -1.1443 1.4324 -0.0312 286.9585 287.5954
2.0500 678.9364 25.6373 12.6901 -0.7693 3.7996 13.8809 0.0000 0.0000 0.0000 -1.4532 1.4364 -0.0311 285.9901 286.7594
2.1500 670.8978 25.4494 11.7229 -0.9005 3.7934 13.1669 0.0000 0.0000 0.0000 -1.7590 1.4404 -0.0316 285.0229 285.9234
2.2500 662.8592 25.2452 10.7568 -1.0305 3.7871 12.4869 0.0000 0.0000 0.0000 -2.0618 1.4446 -0.0324 284.0568 285.0873
2.3500 654.8206 25.0230 9.7922 -1.1591 3.7803 11.8396 0.0000 0.0000 0.0000 -2.3473 1.4491 -0.0336 283.0922 284.2513
2.4500 646.9626 24.7827 8.8290 -1.2686 3.7732 11.2202 0.0000 0.0000 0.0000 -2.5931 1.4538 -0.0351 282.1290 283.3977
2.5500 639.3755 24.5241 7.8671 -1.3505 3.7661 10.6262 0.0000 0.0000 0.0000 -2.8117 1.4588 -0.0368 281.1671 282.5175
2.6500 631.7882 24.2463 6.9066 -1.4308 3.7588 10.0614 0.0000 0.0000 0.0000 -3.0237 1.4642 -0.0385 280.2066 281.6374
2.7500 624.2009 23.9500 5.9476 -1.5097 3.7514 9.5245 0.0000 0.0000 0.0000 -3.2294 1.4699 -0.0401 279.2476 280.7573
2.8500 616.6137 23.6345 4.9902 -1.5869 3.7439 9.0142 0.0000 0.0000 0.0000 -3.4292 1.4760 -0.0416 278.2902 279.8772
2.9500 609.0264 23.3016 4.0345 -1.6626 3.7361 8.5293 0.0000 0.0000 0.0000 -3.6224 1.4823 -0.0429 277.3344 278.9970
3.0500 601.4391 22.9478 3.0807 -1.7362 3.7278 8.0690 0.0000 0.0000 0.0000 -3.8206 1.4892 -0.0440 276.3807 278.1169
3.1500 594.2285 22.5797 2.1270 -1.8188 3.7200 7.6260 0.0000 0.0000 0.0000 -4.0292 1.4957 -0.0427 275.4270 277.2458
3.2500 587.1060 22.2130 1.1729 -1.9040 3.7126 7.2034 0.0000 0.0000 0.0000 -4.2402 1.5018 -0.0388 274.4729 276.3769
3.3500 579.9835 21.8502 0.2181 -1.9899 3.7057 6.8014 0.0000 0.0000 0.0000 -4.4519 1.5075 -0.0345 273.5181 275.5080
3.4500 572.8610 21.4907 -0.7374 -2.0764 3.6992 6.4191 0.0000 0.0000 0.0000 -4.6648 1.5127 -0.0305 272.5626 274.6390
3.5500 565.7385 21.1332 -1.6937 -2.1638 3.6932 6.0556 0.0000 0.0000 0.0000 -4.8791 1.5175 -0.0266 271.6063 273.7701
3.6500 558.6160 20.7778 -2.6509 -2.2521 3.6876 5.7101 0.0000 0.0000 0.0000 -5.0954 1.5218 -0.0230 270.6491 272.9012
3.7500 551.4935 20.4215 -3.6090 -2.3412 3.6825 5.3819 0.0000 0.0000 0.0000 -5.3599 1.5256 -0.0195 269.6910 272.0322
3.8500 544.7313 20.0604 -4.5685 -2.4758 3.6780 5.0666 0.0000 0.0000 0.0000 -5.6870 1.5289 -0.0158 268.7314 271.2072
3.9500 538.0646 19.6954 -5.5298 -2.6237 3.6742 4.7663 0.0000 0.0000 0.0000 -6.0326 1.5314 -0.0119 267.7702 270.3939
4.0500 531.3979 19.3236 -6.4926 -2.7731 3.6712 4.4813 0.0000 0.0000 0.0000 -6.3863 1.5334 -0.0083 266.8074 269.5805
4.1500 524.7312 18.9462 -7.4582 -2.9254 3.6694 4.2106 0.0000 0.0000 0.0000 -6.7394 1.5347 -0.0050 265.8418 268.7672
4.2500 518.0645 18.5511 -8.4177 -3.0716 3.6653 3.9565 0.0000 0.0000 0.0000 -7.1545 1.5362 -0.0035 264.8823 267.9539
4.3500 511.3979 18.1211 -9.4328 -3.2733 3.6835 3.6996 0.0064 0.0000 0.0000 -7.3409 1.5379 -0.0046 263.8672 267.1405
4.4500 504.7312 17.6885 -10.1693 -3.1965 3.5901 3.5355 0.0809 0.0000 0.0000 -7.1976 1.5392 -0.0041 263.1307 266.3272
4.5500 498.2123 17.2648 -10.8161 -3.0766 3.4606 3.4014 0.1929 0.0000 0.0000 -7.1579 1.5408 -0.0033 262.4839 265.5605
4.6500 492.0547 16.8027 -11.4549 -3.0627 3.3277 3.2717 0.3220 0.0000 0.0000 -7.2593 1.5438 -0.0072 261.8451 264.9078
4.7500 485.8971 16.2903 -12.0988 -3.0539 3.1972 3.1452 0.4445 0.0000 0.0000 -7.3685 1.5483 -0.0120 261.2012 264.2551
4.8500 479.7394 15.7245 -12.7487 -3.0511 3.0697 3.0218 0.5573 0.0000 0.0000 -7.4862 1.5543 -0.0163 260.5513 263.6024
4.9500 473.5818 15.1018 -13.4042 -3.0538 2.9454 2.9014 0.6636 0.0000 0.0000 -7.6118 1.5620 -0.0200 259.8958 262.9496
5.0500 467.4242 14.4182 -14.0647 -3.0616 2.8243 2.7844 0.7621 0.0000 0.0000 -7.7432 1.5715 -0.0232 259.2353 262.2969
5.1500 461.2665 13.6685 -14.7296 -3.0738 2.7067 2.6707 0.8521 0.0000 0.0000 -7.8785 1.5830 -0.0257 258.5704 261.6442
5.2500 455.1089 12.8462 -15.3982 -3.0897 2.5926 2.5605 0.9332 0.0000 0.0000 -8.0055 1.5968 -0.0274 257.9018 260.9915
5.3500 449.0410 11.9466 -16.0693 -3.1023 2.4819 2.4535 1.0052 0.0000 0.0000 -8.0789 1.6128 -0.0280 257.2307 260.3330
5.4500 443.4104 10.9780 -16.7440 -3.0901 2.3729 2.3475 1.0722 0.0000 0.0000 -8.1139 1.6297 -0.0262 256.5559 259.6461
5.5500 437.7797 9.9354 -17.4242 -3.0833 2.2667 2.2447 1.1326 0.0000 0.0000 -8.1592 1.6477 -0.0229 255.8758 258.9591
5.6500 432.1491 8.7834 -18.1095 -3.0817 2.1636 2.1451 1.1852 0.0000 0.0000 -8.2096 1.6673 -0.0195 255.1904 258.2722
5.7500 426.5184 7.4189 -18.7974 -3.0826 2.0639 2.0490 1.2272 0.0000 0.0000 -8.2398 1.6895 -0.0158 254.5026 257.5852
5.8500 420.8878 5.5789 -19.4755 -3.0739 1.9694 1.9585 1.2431 0.0000 0.0000 -8.1394 1.7192 -0.0113 253.8245 256.8983
5.9500 415.2572 3.1776 -20.0899 -3.0013 1.8833 1.8821 1.1727 0.0000 0.0000 -7.4451 1.7737 -0.0060 253.2101 256.2114
6.0500 409.6266 0.9004 -20.3374 -2.5619 1.7276 1.8674 1.0143 0.0000 0.0000 -5.7925 1.8706 -0.0015 252.9626 255.5244
6.1500 403.9960 -0.3888 -20.2182 -1.7557 1.5036 1.9133 0.8078 0.0000 0.0000 -3.6439 1.9861 -0.0006 253.0818 254.8375
6.2500 398.5203 -0.6353 -20.0808 -0.9325 1.2904 1.9630 0.6225 0.0000 0.0000 -1.8575 2.0724 -0.0009 253.2192 254.1517
6.3500 393.4235 -0.4218 -20.2363 -0.4050 1.1260 1.9617 0.4886 0.0000 0.0000 -0.8195 2.1135 -0.0005 253.0637 253.4687
6.4500 388.3266 -0.2049 -20.6720 -0.1577 0.9993 1.9134 0.3940 0.0000 0.0000 -0.3386 2.1211 -0.0002 252.6280 252.7858
6.5500 383.2298 -0.0823 -21.2533 -0.0561 0.8931 1.8425 0.3252 0.0000 0.0000 -0.1355 2.1058 -0.0001 252.0467 252.1028
6.6500 378.1329 -0.0285 -21.8983 -0.0181 0.7998 1.7642 0.2716 0.0000 0.0000 -0.0521 2.0742 -0.0000 251.4017 251.4198
6.7500 373.0361 -0.0083 -22.5685 -0.0053 0.7164 1.6851 0.2276 0.0000 0.0000 -0.0158 2.0318 -0.0000 250.7315 250.7368
6.8500 367.9392 -0.0013 -23.2475 -0.0014 0.6408 1.6080 0.1900 0.0000 0.0000 0.0030 1.9837 -0.0000 250.0525 250.0538
6.9500 362.8424 0.0011 -23.9293 -0.0002 0.5714 1.5338 0.1572 0.0000 0.0000 0.0157 1.9352 -0.0000 249.3707 249.3709
7.0500 357.7455 0.0022 -24.6116 0.0005 0.5067 1.4627 0.1278 0.0000 0.0000 0.0282 1.8917 -0.0000 248.6884 248.6879
7.1500 352.6487 0.0026 -25.2923 0.0027 0.4475 1.3948 0.1024 0.0000 0.0000 0.0363 1.8504 -0.0000 248.0077 248.0049
7.2500 347.8227 0.0022 -25.9652 0.0027 0.3946 1.3297 0.0811 0.0000 0.0000 0.0335 1.8074 -0.0000 247.3348 247.3321
7.3500 343.2896 0.0017 -26.6292 0.0005 0.3474 1.2673 0.0634 0.0000 0.0000 0.0274 1.7630 -0.0000 246.6708 246.6703
7.4500 338.7565 0.0013 -27.2915 0.0001 0.3055 1.2079 0.0489 0.0000 0.0000 0.0240 1.7176 -0.0000 246.0085 246.0084
7.5500 334.2234 0.0010 -27.9534 0.0000 0.2681 1.1510 0.0372 0.0000 0.0000 0.0209 1.6712 -0.0000 245.3466 245.3466
7.6500 329.6903 0.0008 -28.6152 0.0000 0.2345 1.0966 0.0277 0.0000 0.0000 0.0176 1.6249 -0.0000 244.6848 244.6848
7.7500 325.1572 0.0006 -29.2770 0.0000 0.2038 1.0445 0.0201 0.0000 0.0000 0.0140 1.5805 -0.0000 244.0229 244.0229
7.8500 320.6241 0.0004 -29.9389 -0.0000 0.1752 0.9948 0.0138 0.0000 0.0000 0.0102 1.5396 -0.0000 243.3611 243.3611
7.9500 316.0910 0.0002 -30.6007 0.0000 0.1484 0.9472 0.0086 0.0000 0.0000 0.0063 1.5003 -0.0000 242.6993 242.6993
8.0500 311.5580 0.0000 -31.2625 0.0000 0.1228 0.9017 0.0041 0.0000 0.0000 0.0000 1.4590 -0.0000 242.0374 242.0374
8.1500 307.0248 0.0000 -31.9244 0.0000 0.0980 0.8582 0.0000 0.0000 0.0000 0.0000 1.4118 0.0000 241.3756 241.3756
8.2500 302.4918 0.0000 -32.5862 0.0000 0.0911 0.8167 0.0000 0.0000 0.0000 0.0000 1.4130 0.0000 240.7138 240.7138
8.3500 298.2088 0.0000 -33.2796 0.0000 0.0857 0.7739 0.0000 0.0000 0.0000 0.0000 1.4142 0.0000 240.0204 240.0204
8.4500 294.2310 0.0000 -34.0115 0.0000 0.0820 0.7297 0.0000 0.0000 0.0000 0.0000 1.4154 0.0000 239.2885 239.2885
8.5500 290.2533 0.0000 -34.7434 0.0000 0.0783 0.6878 0.0000 0.0000 0.0000 0.0000 1.4166 0.0000 238.5566 238.5566
8.6500 286.2756 0.0000 -35.4753 0.0000 0.0748 0.6480 0.0000 0.0000 0.0000 0.0000 1.4178 0.0000 237.8247 237.8247
8.7500 282.2979 0.0000 -36.2072 0.0000 0.0715 0.6104 0.0000 0.0000 0.0000 0.0000 1.4190 0.0000 237.0928 237.0928
8.8500 278.3201 0.0000 -36.9391 0.0000 0.0682 0.5747 0.0000 0.0000 0.0000 0.0000 1.4202 0.0000 236.3609 236.3609
8.9500 274.3424 0.0000 -37.6710 0.0000 0.0651 0.5410 0.0000 0.0000 0.0000 0.0000 1.4214 0.0000 235.6290 235.6290
9.0500 270.3647 0.0000 -38.4029 0.0000 0.0620 0.5090 0.0000 0.0000 0.0000 0.0000 1.4226 0.0000 234.8971 234.8971
9.1500 266.3870 0.0000 -39.1348 0.0000 0.0591 0.4788 0.0000 0.0000 0.0000 0.0000 1.4238 0.0000 234.1652 234.1652
9.2500 262.4092 0.0000 -39.8667 0.0000 0.0563 0.4502 0.0000 0.0000 0.0000 0.0000 1.4250 0.0000 233.4333 233.4333
9.3500 258.4315 0.0000 -40.5986 0.0000 0.0536 0.4232 0.0000 0.0000 0.0000 0.0000 1.4262 0.0000 232.7014 232.7014
9.4500 254.4538 0.0000 -41.3305 0.0000 0.0510 0.3977 0.0000 0.0000 0.0000 0.0000 1.4274 0.0000 231.9695 231.9695
9.5500 250.4761 0.0000 -42.0624 0.0000 0.0485 0.3736 0.0000 0.0000 0.0000 0.0000 1.4286 0.0000 231.2376 231.2376
9.6500 246.8783 0.0000 -42.7494 0.0000 0.0475 0.3520 0.0000 0.0000 0.0000 0.0000 1.4298 0.0000 230.5506 230.5506
9.7500 243.3322 0.0000 -43.4302 0.0000 0.0467 0.3316 0.0000 0.0000 0.0000 0.0000 1.4310 0.0000 229.8698 229.8698
9.8500 239.7861 0.0000 -44.1111 0.0000 0.0457 0.3124 0.0000 0.0000 0.0000 0.0000 1.4322 0.0000 229.1889 229.1889
9.9500 236.2400 0.0000 -44.7919 0.0000 0.0447 0.2942 0.0000 0.0000 0.0000 0.0000 1.4334 0.0000 228.5081 228.5081
10.0500 232.6939 0.0000 -45.4728 0.0000 0.0437 0.2770 0.0000 0.0000 0.0000 0.0000 1.4346 0.0000 227.8272 227.8272
10.1500 229.1478 0.0000 -46.1536 0.0000 0.0426 0.2607 0.0000 0.0000 0.0000 0.0000 1.4358 0.0000 227.1464 227.1464
10.2500 225.6017 0.0000 -46.8345 0.0000 0.0415 0.2453 0.0000 0.0000 0.0000 0.0000 1.4370 0.0000 226.4655 226.4655
10.3500 222.3111 0.0000 -47.4555 0.0000 0.0409 0.2320 0.0000 0.0000 0.0000 0.0000 1.4382 0.0000 225.8445 225.8445
10.4500 219.0728 0.0000 -48.0643 0.0000 0.0405 0.2197 0.0000 0.0000 0.0000 0.0000 1.4394 0.0000 225.2357 225.2357
10.5500 215.8345 0.0000 -48.6731 0.0000 0.0399 0.2079 0.0000 0.0000 0.0000 0.0000 1.4406 0.0000 224.6269 224.6269
10.6500 212.5961 0.0000 -49.2819 0.0000 0.0393 0.1968 0.0000 0.0000 0.0000 0.0000 1.4418 0.0000 224.0181 224.0181
10.7500 209.3578 0.0000 -49.8907 0.0000 0.0386 0.1862 0.0000 0.0000 0.0000 0.0000 1.4430 0.0000 223.4093 223.4093
10.8500 206.1194 0.0000 -50.4995 0.0000 0.0379 0.1761 0.0000 0.0000 0.0000 0.0000 1.4442 0.0000 222.8004 222.8004
10.9500 202.8811 0.0000 -51.1084 0.0000 0.0372 0.1666 0.0000 0.0000 0.0000 0.0000 1.4454 0.0000 222.1916 222.1916
11.0500 199.6778 0.0000 -51.7157 0.0000 0.0363 0.1575 0.0000 0.0000 0.0000 0.0000 1.4466 0.0000 221.5843 221.5843
11.1500 196.7573 0.0000 -52.3115 0.0000 0.0352 0.1489 0.0000 0.0000 0.0000 0.0000 1.4478 0.0000 220.9885 220.9885
11.2500 193.8367 0.0000 -52.9073 0.0000 0.0341 0.1407 0.0000 0.0000 0.0000 0.0000 1.4490 0.0000 220.3927 220.3927
11.3500 190.9161 0.0000 -53.5031 0.0000 0.0330 0.1329 0.0000 0.0000 0.0000 0.0000 1.4502 0.0000 219.7969 219.7969
11.4500 187.9955 0.0000 -54.0989 0.0000 0.0319 0.1256 0.0000 0.0000 0.0000 0.0000 1.4514 0.0000 219.2011 219.2011
11.5500 185.0750 0.0000 -54.6947 0.0000 0.0308 0.1186 0.0000 0.0000 0.0000 0.0000 1.4526 0.0000 218.6053 218.6053
11.6500 182.1544 0.0000 -55.2905 0.0000 0.0297 0.1120 0.0000 0.0000 0.0000 0.0000 1.4538 0.0000 218.0095 218.0095
11.7500 179.2339 0.0000 -55.8863 0.0000 0.0287 0.1057 0.0000 0.0000 0.0000 0.0000 1.4550 0.0000 217.4137 217.4137
11.8500 176.3133 0.0000 -56.4821 0.0000 0.0277 0.0997 0.0000 0.0000 0.0000 0.0000 1.4562 0.0000 216.8179 216.8179
11.9500 173.5758 0.0000 -57.0349 0.0000 0.0264 0.0945 0.0000 0.0000 0.0000 0.0000 1.4574 0.0000 216.2651 216.2651
12.0500 170.9878 0.0000 -57.5524 0.0000 0.0250 0.0899 0.0000 0.0000 0.0000 0.0000 1.4586 0.0000 215.7475 215.7475
12.1500 168.3998 0.0000 -58.0700 0.0000 0.0237 0.0855 0.0000 0.0000 0.0000 0.0000 1.4598 0.0000 215.2299 215.2299
12.2500 165.8118 0.0000 -58.5876 0.0000 0.0224 0.0812 0.0000 0.0000 0.0000 0.0000 1.4610 0.0000 214.7123 214.7123
12.3500 163.2238 0.0000 -59.1052 0.0000 0.0213 0.0772 0.0000 0.0000 0.0000 0.0000 1.4622 0.0000 214.1947 214.1947
12.4500 160.6358 0.0000 -59.6228 0.0000 0.0201 0.0734 0.0000 0.0000 0.0000 0.0000 1.4634 0.0000 213.6772 213.6772
12.5500 158.0478 0.0000 -60.1404 0.0000 0.0191 0.0697 0.0000 0.0000 0.0000 0.0000 1.4646 0.0000 213.1595 213.1595
12.6500 155.4598 0.0000 -60.6580 0.0000 0.0180 0.0663 0.0000 0.0000 0.0000 0.0000 1.4658 0.0000 212.6420 212.6420
12.7500 152.8718 0.0000 -61.1756 0.0000 0.0171 0.0629 0.0000 0.0000 0.0000 0.0000 1.4670 0.0000 212.1244 212.1244
12.8500 150.2838 0.0000 -61.6932 0.0000 0.0161 0.0598 0.0000 0.0000 0.0000 0.0000 1.4682 0.0000 211.6068 211.6068
12.9500 147.9984 0.0000 -62.2064 0.0000 0.0156 0.0567 0.0000 0.0000 0.0000 0.0000 1.4694 0.0000 211.0936 211.0936
13.0500 145.7502 0.0000 -62.7190 0.0000 0.0152 0.0538 0.0000 0.0000 0.0000 0.0000 1.4706 0.0000 210.5810 210.5810
13.1500 143.5020 0.0000 -63.2316 0.0000 0.0147 0.0510 0.0000 0.0000 0.0000 0.0000 1.4718 0.0000 210.0684 210.0684
13.2500 141.2538 0.0000 -63.7441 0.0000 0.0142 0.0483 0.0000 0.0000 0.0000 0.0000 1.4730 0.0000 209.5558 209.5558
13.3500 139.0056 0.0000 -64.2567 0.0000 0.0138 0.0458 0.0000 0.0000 0.0000 0.0000 1.4742 0.0000 209.0433 209.0433
13.4500 136.7574 0.0000 -64.7693 0.0000 0.0133 0.0434 0.0000 0.0000 0.0000 0.0000 1.4754 0.0000 208.5307 208.5307
13.5500 134.5092 0.0000 -65.2819 0.0000 0.0129 0.0411 0.0000 0.0000 0.0000 0.0000 1.4766 0.0000 208.0181 208.0181
13.6500 132.2610 0.0000 -65.7945 0.0000 0.0124 0.0389 0.0000 0.0000 0.0000 0.0000 1.4778 0.0000 207.5055 207.5055
13.7500 130.0128 0.0000 -66.3071 0.0000 0.0120 0.0369 0.0000 0.0000 0.0000 0.0000 1.4790 0.0000 206.9929 206.9929
13.8500 127.7646 0.0000 -66.8197 0.0000 0.0116 0.0349 0.0000 0.0000 0.0000 0.0000 1.4802 0.0000 206.4803 206.4803
13.9500 125.5164 0.0000 -67.3323 0.0000 0.0112 0.0330 0.0000 0.0000 0.0000 0.0000 1.4814 0.0000 205.9677 205.9677
14.0500 123.5520 0.0000 -67.6643 0.0000 0.0110 0.0320 0.0000 0.0000 0.0000 0.0000 1.4826 0.0000 205.6357 205.6357
14.1500 121.6723 0.0000 -67.9425 0.0000 0.0109 0.0313 0.0000 0.0000 0.0000 0.0000 1.4838 0.0000 205.3575 205.3575
14.2500 119.7926 0.0000 -68.2207 0.0000 0.0108 0.0305 0.0000 0.0000 0.0000 0.0000 1.4850 0.0000 205.0793 205.0793
14.3500 117.9129 0.0000 -68.4989 0.0000 0.0106 0.0298 0.0000 0.0000 0.0000 0.0000 1.4862 0.0000 204.8011 204.8011
14.4500 116.0332 0.0000 -68.7771 0.0000 0.0105 0.0291 0.0000 0.0000 0.0000 0.0000 1.4874 0.0000 204.5229 204.5229
14.5500 114.1535 0.0000 -69.0553 0.0000 0.0104 0.0284 0.0000 0.0000 0.0000 0.0000 1.4886 0.0000 204.2447 204.2447
14.6500 112.2738 0.0000 -69.3335 0.0000 0.0103 0.0277 0.0000 0.0000 0.0000 0.0000 1.4898 0.0000 203.9665 203.9665
14.7500 110.3941 0.0000 -69.6117 0.0000 0.0102 0.0271 0.0000 0.0000 0.0000 0.0000 1.4910 0.0000 203.6883 203.6883
14.8500 108.5144 0.0000 -69.8899 0.0000 0.0100 0.0265 0.0000 0.0000 0.0000 0.0000 1.4922 0.0000 203.4101 203.4101
14.9500 106.6347 0.0000 -70.1681 0.0000 0.0099 0.0259 0.0000 0.0000 0.0000 0.0000 1.4934 0.0000 203.1319 203.1319
15.0500 104.7550 0.0000 -70.4462 0.0000 0.0098 0.0253 0.0000 0.0000 0.0000 0.0000 1.4946 0.0000 202.8537 202.8537
15.1500 102.8753 0.0000 -70.7244 0.0000 0.0097 0.0247 0.0000 0.0000 0.0000 0.0000 1.4958 0.0000 202.5755 202.5755
15.2500 100.9956 0.0000 -71.0026 0.0000 0.0096 0.0241 0.0000 0.0000 0.0000 0.0000 1.4970 0.0000 202.2973 202.2973
15.3500 99.3319 0.0000 -71.0988 0.0000 0.0095 0.0242 0.0000 0.0000 0.0000 0.0000 1.4982 0.0000 202.2012 202.2012
15.4500 97.9115 0.0000 -70.9899 0.0000 0.0095 0.0250 0.0000 0.0000 0.0000 0.0000 1.4994 0.0000 202.3101 202.3101
15.5500 96.4910 0.0000 -70.8810 0.0000 0.0095 0.0257 0.0000 0.0000 0.0000 0.0000 1.5006 0.0000 202.4190 202.4190
15.6500 95.0706 0.0000 -70.7721 0.0000 0.0094 0.0265 0.0000 0.0000 0.0000 0.0000 1.5018 0.0000 202.5279 202.5279
15.7500 93.6501 0.0000 -70.6632 0.0000 0.0094 0.0274 0.0000 0.0000 0.0000 0.0000 1.5030 0.0000 202.6368 202.6368
15.8500 92.2297 0.0000 -70.5543 0.0000 0.0093 0.0282 0.0000 0.0000 0.0000 0.0000 1.5042 0.0000 202.7457 202.7457
15.9500 90.8092 0.0000 -70.4454 0.0000 0.0092 0.0292 0.0000 0.0000 0.0000 0.0000 1.5054 0.0000 202.8546 202.8546
16.0500 89.3887 0.0000 -70.3365 0.0000 0.0092 0.0301 0.0000 0.0000 0.0000 0.0000 1.5066 0.0000 202.9635 202.9635
16.1500 87.9683 0.0000 -70.2276 0.0000 0.0091 0.0311 0.0000 0.0000 0.0000 0.0000 1.5078 0.0000 203.0724 203.0724
16.2500 86.5478 0.0000 -70.1187 0.0000 0.0090 0.0321 0.0000 0.0000 0.0000 0.0000 1.5090 0.0000 203.1813 203.1813
16.3500 85.1274 0.0000 -70.0098 0.0000 0.0088 0.0331 0.0000 0.0000 0.0000 0.0000 1.5102 0.0000 203.2902 203.2902
16.4500 83.7069 0.0000 -69.9009 0.0000 0.0087 0.0343 0.0000 0.0000 0.0000 0.0000 1.5114 0.0000 203.3991 203.3991
16.5500 82.2865 0.0000 -69.7920 0.0000 0.0085 0.0354 0.0000 0.0000 0.0000 0.0000 1.5126 0.0000 203.5080 203.5080
16.6500 80.8660 0.0000 -69.6831 0.0000 0.0083 0.0366 0.0000 0.0000 0.0000 0.0000 1.5138 0.0000 203.6169 203.6169
16.7500 79.4456 0.0000 -69.5742 0.0000 0.0081 0.0378 0.0000 0.0000 0.0000 0.0000 1.5150 0.0000 203.7258 203.7258
16.8500 78.0251 0.0000 -69.4653 0.0000 0.0079 0.0392 0.0000 0.0000 0.0000 0.0000 1.5162 0.0000 203.8347 203.8347
16.9500 76.6047 0.0000 -69.3564 0.0000 0.0077 0.0405 0.0000 0.0000 0.0000 0.0000 1.5174 0.0000 203.9436 203.9436
17.0500 75.1842 0.0000 -69.2475 0.0000 0.0074 0.0419 0.0000 0.0000 0.0000 0.0000 1.5186 0.0000 204.0525 204.0525
17.1500 73.7638 0.0000 -69.1385 0.0000 0.0071 0.0434 0.0000 0.0000 0.0000 0.0000 1.5198 0.0000 204.1614 204.1614
17.2500 72.3433 0.0000 -69.0296 0.0000 0.0068 0.0450 0.0000 0.0000 0.0000 0.0000 1.5210 0.0000 204.2703 204.2703
17.3500 70.9229 0.0000 -68.9207 0.0000 0.0064 0.0466 0.0000 0.0000 0.0000 0.0000 1.5222 0.0000 204.3792 204.3792
17.4500 69.6566 0.0000 -68.7521 0.0000 0.0062 0.0486 0.0000 0.0000 0.0000 0.0000 1.5234 0.0000 204.5479 204.5479
17.5500 68.6762 0.0000 -68.4727 0.0000 0.0063 0.0513 0.0000 0.0000 0.0000 0.0000 1.5246 0.0000 204.8273 204.8273
17.6500 67.6958 0.0000 -68.1933 0.0000 0.0064 0.0542 0.0000 0.0000 0.0000 0.0000 1.5258 0.0000 205.1067 205.1067
17.7500 66.7154 0.0000 -67.9139 0.0000 0.0064 0.0572 0.0000 0.0000 0.0000 0.0000 1.5270 0.0000 205.3861 205.3861
17.8500 65.7350 0.0000 -67.6345 0.0000 0.0064 0.0605 0.0000 0.0000 0.0000 0.0000 1.5282 0.0000 205.6655 205.6655
17.9500 64.7546 0.0000 -67.3551 0.0000 0.0065 0.0639 0.0000 0.0000 0.0000 0.0000 1.5294 0.0000 205.9449 205.9449
18.0500 63.7742 0.0000 -67.0756 0.0000 0.0065 0.0674 0.0000 0.0000 0.0000 0.0000 1.5306 0.0000 206.2243 206.2243
18.1500 62.7938 0.0000 -66.7962 0.0000 0.0064 0.0713 0.0000 0.0000 0.0000 0.0000 1.5318 0.0000 206.5038 206.5038
18.2500 61.8134 0.0000 -66.5168 0.0000 0.0064 0.0753 0.0000 0.0000 0.0000 0.0000 1.5330 0.0000 206.7832 206.7832
18.3500 60.8330 0.0000 -66.2374 0.0000 0.0063 0.0795 0.0000 0.0000 0.0000 0.0000 1.5342 0.0000 207.0626 207.0626
18.4500 59.8526 0.0000 -65.9580 0.0000 0.0062 0.0841 0.0000 0.0000 0.0000 0.0000 1.5354 0.0000 207.3420 207.3420
18.5500 58.8722 0.0000 -65.6786 0.0000 0.0061 0.0889 0.0000 0.0000 0.0000 0.0000 1.5366 0.0000 207.6214 207.6214
18.6500 57.8919 0.0000 -65.3992 0.0000 0.0060 0.0939 0.0000 0.0000 0.0000 0.0000 1.5378 0.0000 207.9008 207.9008
18.7500 56.9115 0.0000 -65.1198 0.0000 0.0058 0.0993 0.0000 0.0000 0.0000 0.0000 1.5390 0.0000 208.1802 208.1802
18.8500 55.9311 0.0000 -64.8403 0.0000 0.0055 0.1050 0.0000 0.0000 0.0000 0.0000 1.5402 0.0000 208.4596 208.4596
18.9500 54.9507 0.0000 -64.5609 0.0000 0.0052 0.1111 0.0000 0.0000 0.0000 0.0000 1.5414 0.0000 208.7391 208.7391
19.0500 53.9703 0.0000 -64.2815 0.0000 0.0049 0.1175 0.0000 0.0000 0.0000 0.0000 1.5426 0.0000 209.0185 209.0185
19.1500 52.9899 0.0000 -64.0021 0.0000 0.0045 0.1243 0.0000 0.0000 0.0000 0.0000 1.5438 0.0000 209.2979 209.2979
19.2500 52.0095 0.0000 -63.7227 0.0000 0.0041 0.1316 0.0000 0.0000 0.0000 0.0000 1.5450 0.0000 209.5773 209.5773
19.3500 51.0291 0.0000 -63.4433 0.0000 0.0036 0.1393 0.0000 0.0000 0.0000 0.0000 1.5462 0.0000 209.8567 209.8567
19.4500 50.0487 0.0000 -63.1639 0.0000 0.0030 0.1475 0.0000 0.0000 0.0000 0.0000 1.5474 0.0000 210.1361 210.1361
19.5500 49.4068 0.0000 -62.9275 0.0000 0.0030 0.1542 0.0000 0.0000 0.0000 0.0000 1.5486 0.0000 210.3725 210.3725
19.6500 48.7826 0.0000 -62.6935 0.0000 0.0030 0.1612 0.0000 0.0000 0.0000 0.0000 1.5498 0.0000 210.6065 210.6065
19.7500 48.1584 0.0000 -62.4594 0.0000 0.0031 0.1685 0.0000 0.0000 0.0000 0.0000 1.5510 0.0000 210.8406 210.8406
19.8500 47.5341 0.0000 -62.2253 0.0000 0.0031 0.1761 0.0000 0.0000 0.0000 0.0000 1.5522 0.0000 211.0747 211.0747
