height(km) press(hPa) W(M/S) T(C) T-TE(C) QV(g/kg) SAT(g/kg) QC(g/kg) QH(g/kg) QI(g/kg) "Buoy(1e-2 m/s2)" radius(m) dwdt_entr(unitless) plumeT(K) envT(K)
0.0000 794.9183 24.7654 28.2021 0.3820 3.6893 31.7254 0.0000 0.0000 0.0000 4.6905 0.7898 -0.0828 301.5021 301.1202
0.0500 790.6265 24.5784 27.3896 1.1359 3.6916 30.3594 0.0000 0.0000 0.0000 4.6905 0.7949 -0.0828 300.6895 299.5536
0.1500 782.0428 24.5315 26.3411 3.2205 3.6996 28.7926 0.0000 0.0000 0.0000 8.7461 0.8047 -0.1122 299.6411 296.4206
0.2500 773.4030 24.3006 25.2039 4.7944 3.7115 27.1517 0.0000 0.0000 0.0000 10.1560 0.8190 -0.1713 298.5038 293.7094
0.3500 764.5062 23.8757 24.0832 4.4567 3.7247 25.6312 0.0000 0.0000 0.0000 9.4273 0.8335 -0.1965 297.3832 292.9265
0.4500 755.6094 23.4401 22.9736 4.1299 3.7392 24.2046 0.0000 0.0000 0.0000 8.7392 0.8484 -0.1902 296.2736 292.1436
0.5500 746.8472 22.9943 21.8748 3.8211 3.7532 22.8614 0.0000 0.0000 0.0000 8.1189 0.8635 -0.1835 295.1747 291.3536
0.6500 738.3148 22.5520 20.7887 3.5371 3.7639 21.5961 0.0000 0.0000 0.0000 7.5490 0.8784 -0.1743 294.0887 290.5516
0.7500 729.7823 22.1255 19.7141 3.2645 3.7716 20.4091 0.0000 0.0000 0.0000 6.9999 0.8933 -0.1636 293.0140 289.7495
0.8500 721.2499 21.7123 18.6501 3.0026 3.7765 19.2941 0.0000 0.0000 0.0000 6.4699 0.9080 -0.1538 291.9501 288.9475
0.9500 712.7174 21.3106 17.5959 2.7505 3.7788 18.2456 0.0000 0.0000 0.0000 5.9574 0.9227 -0.1447 290.8959 288.1454
1.0500 704.1851 20.9171 16.5508 2.5074 3.7786 17.2587 0.0000 0.0000 0.0000 5.4438 0.9373 -0.1364 289.8508 287.3434
1.1500 695.8844 20.5303 15.5155 2.2524 3.7753 16.3247 0.0000 0.0000 0.0000 4.9111 0.9517 -0.1279 288.8155 286.5631
1.2500 687.8069 20.1545 14.4901 1.9863 3.7683 15.4412 0.0000 0.0000 0.0000 4.3761 0.9657 -0.1189 287.7901 285.8038
1.3500 679.7292 19.7913 13.4739 1.7294 3.7582 14.6095 0.0000 0.0000 0.0000 3.8549 0.9793 -0.1099 286.7739 285.0445
1.4500 671.6517 19.4382 12.4659 1.4807 3.7454 13.8256 0.0000 0.0000 0.0000 3.3457 0.9927 -0.1017 285.7659 284.2852
1.5500 663.5742 19.0924 11.4654 1.2394 3.7302 13.0860 0.0000 0.0000 0.0000 2.8475 1.0056 -0.0942 284.7654 283.5260
1.6500 655.4967 18.7519 10.4718 1.0051 3.7131 12.3878 0.0000 0.0000 0.0000 2.3606 1.0182 -0.0873 283.7718 282.7667
1.7500 647.5647 18.4144 9.4845 0.7780 3.6943 11.7254 0.0000 0.0000 0.0000 1.8860 1.0305 -0.0810 282.7845 282.0065
1.8500 639.9427 18.0776 8.5027 0.5584 3.6741 11.0933 0.0000 0.0000 0.0000 1.4212 1.0426 -0.0752 281.8026 281.2443
1.9500 632.3208 17.7389 7.5259 0.3438 3.6525 10.4956 0.0000 0.0000 0.0000 0.9633 1.0543 -0.0699 280.8259 280.4821
2.0500 624.6989 17.3966 6.5540 0.1341 3.6299 9.9299 0.0000 0.0000 0.0000 0.5114 1.0658 -0.0649 279.8540 279.7199
2.1500 617.0769 17.0485 5.5865 -0.0712 3.6064 9.3945 0.0000 0.0000 0.0000 0.0650 1.0770 -0.0603 278.8865 278.9577
2.2500 609.4549 16.6929 4.6231 -0.2724 3.5822 8.8874 0.0000 0.0000 0.0000 -0.3763 1.0880 -0.0560 277.9231 278.1955
2.3500 601.8329 16.3278 3.6635 -0.4698 3.5573 8.4072 0.0000 0.0000 0.0000 -0.8232 1.0988 -0.0519 276.9635 277.4333
2.4500 594.5750 15.9479 2.7080 -0.6778 3.5309 7.9476 0.0000 0.0000 0.0000 -1.2795 1.1095 -0.0485 276.0080 276.6858
2.5500 587.4320 15.5468 1.7567 -0.8862 3.5027 7.5113 0.0000 0.0000 0.0000 -1.7350 1.1203 -0.0458 275.0567 275.9429
2.6500 580.2892 15.1214 0.8096 -1.0905 3.4727 7.0985 0.0000 0.0000 0.0000 -2.1864 1.1311 -0.0433 274.1096 275.2001
2.7500 573.1463 14.6696 -0.1332 -1.2904 3.4412 6.7081 0.0000 0.0000 0.0000 -2.6333 1.1420 -0.0408 273.1668 274.4572
2.8500 566.0035 14.1886 -1.0717 -1.4860 3.4081 6.3389 0.0000 0.0000 0.0000 -3.0756 1.1531 -0.0383 272.2283 273.7144
2.9500 558.8606 13.6767 -2.0058 -1.6773 3.3735 5.9899 0.0000 0.0000 0.0000 -3.5125 1.1643 -0.0358 271.2942 272.9715
3.0500 551.7178 13.1235 -2.9354 -1.8640 3.3374 5.6600 0.0000 0.0000 0.0000 -4.0516 1.1757 -0.0334 270.3646 272.2286
3.1500 544.9567 12.5058 -3.8565 -2.1425 3.2976 5.3459 0.0000 0.0000 0.0000 -4.7220 1.1877 -0.0315 269.4435 271.5860
3.2500 538.3166 11.8044 -4.7667 -2.4418 3.2531 5.0506 0.0000 0.0000 0.0000 -5.4078 1.2007 -0.0300 268.5333 270.9751
3.3500 531.6765 11.0046 -5.6643 -2.7285 3.2032 4.7744 0.0000 0.0000 0.0000 -6.0688 1.2149 -0.0284 267.6357 270.3642
3.4500 525.0364 10.0861 -6.5471 -3.0004 3.1472 4.5169 0.0000 0.0000 0.0000 -6.6978 1.2305 -0.0263 266.7529 269.7533
3.5500 518.3963 9.0102 -7.4111 -3.2536 3.0835 4.2781 0.0000 0.0000 0.0000 -7.2786 1.2481 -0.0237 265.8889 269.1425
3.6500 511.7562 7.6820 -8.2466 -3.4782 3.0085 4.0598 0.0000 0.0000 0.0000 -7.7602 1.2690 -0.0202 265.0534 268.5316
3.7500 505.1161 5.9275 -9.0196 -3.6402 2.9106 3.8705 0.0000 0.0000 0.0000 -7.9611 1.2990 -0.0154 264.2804 267.9207
3.8500 498.5954 3.7316 -9.6273 -3.6172 2.7578 3.7371 0.0000 0.0000 0.0000 -7.4883 1.3570 -0.0092 263.6727 267.2899
3.9500 492.4754 1.5950 -9.9029 -3.1951 2.5101 3.7018 0.0000 0.0000 0.0000 -6.1170 1.4701 -0.0035 263.3971 266.5922
4.0500 486.3555 0.2016 -9.8124 -2.4069 2.1798 3.7757 0.0000 0.0000 0.0000 -4.1243 1.6351 -0.0004 263.4876 265.8945
4.1500 480.2355 -0.3010 -9.5742 -1.4710 1.8458 3.8972 0.0000 0.0000 0.0000 -2.1886 1.8069 -0.0004 263.7258 265.1968
4.2500 474.1156 -0.2749 -9.5447 -0.7439 1.5650 3.9571 0.0000 0.0000 0.0000 -0.8725 1.9503 -0.0003 263.7553 264.4992
4.3500 467.9956 -0.1324 -9.8318 -0.3333 1.3408 3.9187 0.0000 0.0000 0.0000 -0.1912 2.0602 -0.0001 263.4682 263.8015
4.4500 461.8756 -0.0325 -10.3346 -0.1384 1.1579 3.8149 0.0000 0.0000 0.0000 0.0954 2.1427 -0.0000 262.9654 263.1038
4.5500 455.7557 0.0111 -10.9525 -0.0586 1.0041 3.6796 0.0000 0.0000 0.0000 0.1794 2.2029 -0.0000 262.3475 262.4062
4.6500 449.6660 0.0232 -11.6290 -0.0349 0.8731 3.5318 0.0000 0.0000 0.0000 0.1949 2.2428 -0.0000 261.6710 261.7059
4.7500 444.0543 0.0230 -12.3464 -0.0116 0.7615 3.3746 0.0000 0.0000 0.0000 0.1915 2.2626 -0.0000 260.9536 260.9652
4.8500 438.4427 0.0187 -13.0793 -0.0038 0.6657 3.2197 0.0000 0.0000 0.0000 0.1682 2.2649 -0.0000 260.2206 260.2244
4.9500 432.8310 0.0140 -13.8176 -0.0013 0.5828 3.0699 0.0000 0.0000 0.0000 0.1411 2.2512 -0.0000 259.4824 259.4837
5.0500 427.2193 0.0101 -14.5575 -0.0005 0.5111 2.9260 0.0000 0.0000 0.0000 0.1155 2.2228 -0.0000 258.7425 258.7430
5.1500 421.6076 0.0072 -15.2980 -0.0002 0.4490 2.7881 0.0000 0.0000 0.0000 0.0925 2.1801 -0.0000 258.0020 258.0022
5.2500 415.9959 0.0049 -16.0389 -0.0004 0.3953 2.6560 0.0000 0.0000 0.0000 0.0716 2.1231 -0.0000 257.2611 257.2615
5.3500 410.3843 0.0030 -16.7804 -0.0011 0.3488 2.5294 0.0000 0.0000 0.0000 0.0487 2.0509 -0.0000 256.5196 256.5207
5.4500 404.7726 0.0013 -17.5250 -0.0050 0.3087 2.4077 0.0000 0.0000 0.0000 0.0190 1.9622 -0.0000 255.7750 255.7800
5.5500 399.2387 0.0007 -18.2850 -0.0132 0.2739 2.2879 0.0000 0.0000 0.0000 0.0109 1.8547 -0.0000 255.0150 255.0282
5.6500 394.1470 0.0008 -19.0889 -0.0024 0.2438 2.1629 0.0000 0.0000 0.0000 0.0184 1.7253 -0.0000 254.2111 254.2135
5.7500 389.0554 0.0006 -19.9016 -0.0004 0.2176 2.0424 0.0000 0.0000 0.0000 0.0139 1.5688 -0.0000 253.3984 253.3988
5.8500 383.9638 0.0003 -20.7159 -0.0001 0.1946 1.9278 0.0000 0.0000 0.0000 0.0081 1.3789 -0.0000 252.5841 252.5842
5.9500 378.8721 0.0000 -21.5305 -0.0000 0.1741 1.8188 0.0000 0.0000 0.0000 0.0000 1.1473 -0.0000 251.7695 251.7695
6.0500 373.7805 0.0000 -22.3451 0.0000 0.1552 1.7155 0.0000 0.0000 0.0000 0.0000 0.8624 0.0000 250.9549 250.9549
6.1500 368.6888 0.0000 -23.1598 0.0000 0.1496 1.6174 0.0000 0.0000 0.0000 0.0000 0.8636 0.0000 250.1402 250.1402
6.2500 363.5972 0.0000 -23.9745 0.0000 0.1441 1.5244 0.0000 0.0000 0.0000 0.0000 0.8648 0.0000 249.3255 249.3255
6.3500 358.5055 0.0000 -24.7891 0.0000 0.1387 1.4362 0.0000 0.0000 0.0000 0.0000 0.8660 0.0000 248.5109 248.5109
6.4500 353.4138 0.0000 -25.6038 0.0000 0.1334 1.3527 0.0000 0.0000 0.0000 0.0000 0.8672 0.0000 247.6962 247.6962
6.5500 348.4981 0.0000 -26.3843 0.0000 0.1265 1.2769 0.0000 0.0000 0.0000 0.0000 0.8684 0.0000 246.9157 246.9157
6.6500 343.9402 0.0000 -27.0953 0.0000 0.1167 1.2115 0.0000 0.0000 0.0000 0.0000 0.8696 0.0000 246.2047 246.2047
6.7500 339.3823 0.0000 -27.8064 0.0000 0.1076 1.1492 0.0000 0.0000 0.0000 0.0000 0.8708 0.0000 245.4936 245.4936
6.8500 334.8245 0.0000 -28.5174 0.0000 0.0991 1.0897 0.0000 0.0000 0.0000 0.0000 0.8720 0.0000 244.7826 244.7826
6.9500 330.2665 0.0000 -29.2284 0.0000 0.0911 1.0331 0.0000 0.0000 0.0000 0.0000 0.8732 0.0000 244.0716 244.0716
7.0500 325.7086 0.0000 -29.9395 0.0000 0.0836 0.9792 0.0000 0.0000 0.0000 0.0000 0.8744 0.0000 243.3605 243.3605
7.1500 321.1508 0.0000 -30.6505 0.0000 0.0767 0.9278 0.0000 0.0000 0.0000 0.0000 0.8756 0.0000 242.6495 242.6495
7.2500 316.5929 0.0000 -31.3615 0.0000 0.0703 0.8789 0.0000 0.0000 0.0000 0.0000 0.8768 0.0000 241.9385 241.9385
7.3500 312.0350 0.0000 -32.0725 0.0000 0.0643 0.8323 0.0000 0.0000 0.0000 0.0000 0.8780 0.0000 241.2274 241.2274
7.4500 307.4771 0.0000 -32.7836 0.0000 0.0587 0.7881 0.0000 0.0000 0.0000 0.0000 0.8792 0.0000 240.5164 240.5164
7.5500 302.9193 0.0000 -33.4946 0.0000 0.0535 0.7459 0.0000 0.0000 0.0000 0.0000 0.8804 0.0000 239.8054 239.8054
7.6500 298.5722 0.0000 -34.1556 0.0000 0.0500 0.7089 0.0000 0.0000 0.0000 0.0000 0.8816 0.0000 239.1444 239.1444
7.7500 294.6008 0.0000 -34.7275 0.0000 0.0490 0.6787 0.0000 0.0000 0.0000 0.0000 0.8828 0.0000 238.5725 238.5725
7.8500 290.6294 0.0000 -35.2994 0.0000 0.0479 0.6497 0.0000 0.0000 0.0000 0.0000 0.8840 0.0000 238.0006 238.0006
7.9500 286.6580 0.0000 -35.8712 0.0000 0.0468 0.6219 0.0000 0.0000 0.0000 0.0000 0.8852 0.0000 237.4287 237.4287
8.0500 282.6866 0.0000 -36.4431 0.0000 0.0458 0.5951 0.0000 0.0000 0.0000 0.0000 0.8864 0.0000 236.8569 236.8569
8.1500 278.7152 0.0000 -37.0150 0.0000 0.0447 0.5695 0.0000 0.0000 0.0000 0.0000 0.8876 0.0000 236.2850 236.2850
8.2500 274.7438 0.0000 -37.5869 0.0000 0.0436 0.5449 0.0000 0.0000 0.0000 0.0000 0.8888 0.0000 235.7131 235.7131
8.3500 270.7724 0.0000 -38.1588 0.0000 0.0426 0.5212 0.0000 0.0000 0.0000 0.0000 0.8900 0.0000 235.1412 235.1412
8.4500 266.8010 0.0000 -38.7307 0.0000 0.0415 0.4986 0.0000 0.0000 0.0000 0.0000 0.8912 0.0000 234.5693 234.5693
8.5500 262.8296 0.0000 -39.3025 0.0000 0.0405 0.4769 0.0000 0.0000 0.0000 0.0000 0.8924 0.0000 233.9975 233.9975
8.6500 258.8582 0.0000 -39.8744 0.0000 0.0394 0.4560 0.0000 0.0000 0.0000 0.0000 0.8936 0.0000 233.4256 233.4256
8.7500 254.8867 0.0000 -40.4463 0.0000 0.0384 0.4361 0.0000 0.0000 0.0000 0.0000 0.8948 0.0000 232.8537 232.8537
8.8500 250.9153 0.0000 -41.0182 0.0000 0.0374 0.4169 0.0000 0.0000 0.0000 0.0000 0.8960 0.0000 232.2818 232.2818
8.9500 247.2866 0.0000 -41.6710 0.0000 0.0381 0.3946 0.0000 0.0000 0.0000 0.0000 0.8972 0.0000 231.6290 231.6290
9.0500 243.7605 0.0000 -42.3480 0.0000 0.0391 0.3722 0.0000 0.0000 0.0000 0.0000 0.8984 0.0000 230.9520 230.9520
9.1500 240.2344 0.0000 -43.0250 0.0000 0.0398 0.3511 0.0000 0.0000 0.0000 0.0000 0.8996 0.0000 230.2750 230.2750
9.2500 236.7083 0.0000 -43.7020 0.0000 0.0403 0.3310 0.0000 0.0000 0.0000 0.0000 0.9008 0.0000 229.5980 229.5980
9.3500 233.1822 0.0000 -44.3790 0.0000 0.0407 0.3120 0.0000 0.0000 0.0000 0.0000 0.9020 0.0000 228.9210 228.9210
9.4500 229.6561 0.0000 -45.0560 0.0000 0.0408 0.2939 0.0000 0.0000 0.0000 0.0000 0.9032 0.0000 228.2440 228.2440
9.5500 226.1301 0.0000 -45.7330 0.0000 0.0408 0.2769 0.0000 0.0000 0.0000 0.0000 0.9044 0.0000 227.5670 227.5670
9.6500 222.8080 0.0000 -46.3709 0.0000 0.0409 0.2617 0.0000 0.0000 0.0000 0.0000 0.9056 0.0000 226.9291 226.9291
9.7500 219.5822 0.0000 -46.9902 0.0000 0.0409 0.2476 0.0000 0.0000 0.0000 0.0000 0.9068 0.0000 226.3098 226.3098
9.8500 216.3564 0.0000 -47.6096 0.0000 0.0408 0.2343 0.0000 0.0000 0.0000 0.0000 0.9080 0.0000 225.6904 225.6904
9.9500 213.1306 0.0000 -48.2289 0.0000 0.0406 0.2216 0.0000 0.0000 0.0000 0.0000 0.9092 0.0000 225.0711 225.0711
10.0500 209.9048 0.0000 -48.8483 0.0000 0.0403 0.2095 0.0000 0.0000 0.0000 0.0000 0.9104 0.0000 224.4517 224.4517
10.1500 206.6790 0.0000 -49.4676 0.0000 0.0399 0.1981 0.0000 0.0000 0.0000 0.0000 0.9116 0.0000 223.8324 223.8324
10.2500 203.4532 0.0000 -50.0870 0.0000 0.0394 0.1872 0.0000 0.0000 0.0000 0.0000 0.9128 0.0000 223.2130 223.2130
10.3500 200.2274 0.0000 -50.7063 0.0000 0.0388 0.1769 0.0000 0.0000 0.0000 0.0000 0.9140 0.0000 222.5936 222.5936
10.4500 197.2979 0.0000 -51.2904 0.0000 0.0376 0.1676 0.0000 0.0000 0.0000 0.0000 0.9152 0.0000 222.0096 222.0096
10.5500 194.3909 0.0000 -51.8718 0.0000 0.0364 0.1588 0.0000 0.0000 0.0000 0.0000 0.9164 0.0000 221.4282 221.4282
10.6500 191.4839 0.0000 -52.4532 0.0000 0.0351 0.1504 0.0000 0.0000 0.0000 0.0000 0.9176 0.0000 220.8468 220.8468
10.7500 188.5770 0.0000 -53.0346 0.0000 0.0339 0.1424 0.0000 0.0000 0.0000 0.0000 0.9188 0.0000 220.2654 220.2654
10.8500 185.6700 0.0000 -53.6160 0.0000 0.0328 0.1348 0.0000 0.0000 0.0000 0.0000 0.9200 0.0000 219.6840 219.6840
10.9500 182.7630 0.0000 -54.1974 0.0000 0.0316 0.1276 0.0000 0.0000 0.0000 0.0000 0.9212 0.0000 219.1026 219.1026
11.0500 179.8560 0.0000 -54.7788 0.0000 0.0305 0.1208 0.0000 0.0000 0.0000 0.0000 0.9224 0.0000 218.5212 218.5212
11.1500 176.9491 0.0000 -55.3602 0.0000 0.0294 0.1143 0.0000 0.0000 0.0000 0.0000 0.9236 0.0000 217.9398 217.9398
11.2500 174.1481 0.0000 -55.9681 0.0000 0.0282 0.1077 0.0000 0.0000 0.0000 0.0000 0.9248 0.0000 217.3319 217.3319
11.3500 171.5628 0.0000 -56.6299 0.0000 0.0270 0.1006 0.0000 0.0000 0.0000 0.0000 0.9260 0.0000 216.6701 216.6701
11.4500 168.9775 0.0000 -57.2918 0.0000 0.0258 0.0940 0.0000 0.0000 0.0000 0.0000 0.9272 0.0000 216.0082 216.0082
11.5500 166.3921 0.0000 -57.9536 0.0000 0.0246 0.0878 0.0000 0.0000 0.0000 0.0000 0.9284 0.0000 215.3464 215.3464
11.6500 163.8068 0.0000 -58.6154 0.0000 0.0235 0.0819 0.0000 0.0000 0.0000 0.0000 0.9296 0.0000 214.6845 214.6845
11.7500 161.2215 0.0000 -59.2773 0.0000 0.0224 0.0765 0.0000 0.0000 0.0000 0.0000 0.9308 0.0000 214.0227 214.0227
11.8500 158.6362 0.0000 -59.9391 0.0000 0.0213 0.0713 0.0000 0.0000 0.0000 0.0000 0.9320 0.0000 213.3609 213.3609
11.9500 156.0509 0.0000 -60.6010 0.0000 0.0203 0.0665 0.0000 0.0000 0.0000 0.0000 0.9332 0.0000 212.6990 212.6990
12.0500 153.4656 0.0000 -61.2628 0.0000 0.0193 0.0620 0.0000 0.0000 0.0000 0.0000 0.9344 0.0000 212.0372 212.0372
12.1500 150.8802 0.0000 -61.9247 0.0000 0.0184 0.0577 0.0000 0.0000 0.0000 0.0000 0.9356 0.0000 211.3753 211.3753
12.2500 148.5133 0.0000 -62.5247 0.0000 0.0176 0.0542 0.0000 0.0000 0.0000 0.0000 0.9368 0.0000 210.7753 210.7753
12.3500 146.2590 0.0000 -63.0927 0.0000 0.0169 0.0509 0.0000 0.0000 0.0000 0.0000 0.9380 0.0000 210.2073 210.2073
12.4500 144.0047 0.0000 -63.6608 0.0000 0.0163 0.0479 0.0000 0.0000 0.0000 0.0000 0.9392 0.0000 209.6392 209.6392
12.5500 141.7504 0.0000 -64.2289 0.0000 0.0156 0.0451 0.0000 0.0000 0.0000 0.0000 0.9404 0.0000 209.0711 209.0711
12.6500 139.4961 0.0000 -64.7970 0.0000 0.0150 0.0424 0.0000 0.0000 0.0000 0.0000 0.9416 0.0000 208.5030 208.5030
12.7500 137.2418 0.0000 -65.3651 0.0000 0.0144 0.0398 0.0000 0.0000 0.0000 0.0000 0.9428 0.0000 207.9349 207.9349
12.8500 134.9875 0.0000 -65.9331 0.0000 0.0138 0.0374 0.0000 0.0000 0.0000 0.0000 0.9440 0.0000 207.3669 207.3669
12.9500 132.7333 0.0000 -66.5012 0.0000 0.0132 0.0351 0.0000 0.0000 0.0000 0.0000 0.9452 0.0000 206.7988 206.7988
13.0500 130.4790 0.0000 -67.0693 0.0000 0.0126 0.0330 0.0000 0.0000 0.0000 0.0000 0.9464 0.0000 206.2307 206.2307
13.1500 128.2247 0.0000 -67.6374 0.0000 0.0121 0.0310 0.0000 0.0000 0.0000 0.0000 0.9476 0.0000 205.6626 205.6626
13.2500 125.9704 0.0000 -68.2054 0.0000 0.0115 0.0291 0.0000 0.0000 0.0000 0.0000 0.9488 0.0000 205.0945 205.0945
13.3500 123.9254 0.0000 -68.5961 0.0000 0.0112 0.0279 0.0000 0.0000 0.0000 0.0000 0.9500 0.0000 204.7038 204.7038
13.4500 122.0387 0.0000 -68.8527 0.0000 0.0111 0.0274 0.0000 0.0000 0.0000 0.0000 0.9512 0.0000 204.4473 204.4473
13.5500 120.1519 0.0000 -69.1093 0.0000 0.0110 0.0268 0.0000 0.0000 0.0000 0.0000 0.9524 0.0000 204.1906 204.1906
13.6500 118.2651 0.0000 -69.3660 0.0000 0.0108 0.0262 0.0000 0.0000 0.0000 0.0000 0.9536 0.0000 203.9340 203.9340
13.7500 116.3783 0.0000 -69.6226 0.0000 0.0107 0.0257 0.0000 0.0000 0.0000 0.0000 0.9548 0.0000 203.6774 203.6774
13.8500 114.4915 0.0000 -69.8792 0.0000 0.0106 0.0251 0.0000 0.0000 0.0000 0.0000 0.9560 0.0000 203.4208 203.4208
13.9500 112.6047 0.0000 -70.1358 0.0000 0.0105 0.0246 0.0000 0.0000 0.0000 0.0000 0.9572 0.0000 203.1642 203.1642
14.0500 110.7179 0.0000 -70.3924 0.0000 0.0103 0.0241 0.0000 0.0000 0.0000 0.0000 0.9584 0.0000 202.9076 202.9076
14.1500 108.8311 0.0000 -70.6490 0.0000 0.0102 0.0236 0.0000 0.0000 0.0000 0.0000 0.9596 0.0000 202.6510 202.6510
14.2500 106.9443 0.0000 -70.9056 0.0000 0.0101 0.0231 0.0000 0.0000 0.0000 0.0000 0.9608 0.0000 202.3944 202.3944
14.3500 105.0575 0.0000 -71.1622 0.0000 0.0100 0.0227 0.0000 0.0000 0.0000 0.0000 0.9620 0.0000 202.1378 202.1378
14.4500 103.1707 0.0000 -71.4188 0.0000 0.0099 0.0222 0.0000 0.0000 0.0000 0.0000 0.9632 0.0000 201.8812 201.8812
14.5500 101.2839 0.0000 -71.6754 0.0000 0.0097 0.0218 0.0000 0.0000 0.0000 0.0000 0.9644 0.0000 201.6246 201.6246
14.6500 99.5455 0.0000 -71.7970 0.0000 0.0097 0.0218 0.0000 0.0000 0.0000 0.0000 0.9656 0.0000 201.5030 201.5030
14.7500 98.1230 0.0000 -71.6310 0.0000 0.0097 0.0226 0.0000 0.0000 0.0000 0.0000 0.9668 0.0000 201.6690 201.6690
14.8500 96.7005 0.0000 -71.4651 0.0000 0.0097 0.0235 0.0000 0.0000 0.0000 0.0000 0.9680 0.0000 201.8349 201.8349
14.9500 95.2781 0.0000 -71.2991 0.0000 0.0097 0.0245 0.0000 0.0000 0.0000 0.0000 0.9692 0.0000 202.0009 202.0009
15.0500 93.8556 0.0000 -71.1331 0.0000 0.0097 0.0255 0.0000 0.0000 0.0000 0.0000 0.9704 0.0000 202.1668 202.1668
15.1500 92.4331 0.0000 -70.9672 0.0000 0.0097 0.0265 0.0000 0.0000 0.0000 0.0000 0.9716 0.0000 202.3328 202.3328
15.2500 91.0107 0.0000 -70.8012 0.0000 0.0096 0.0276 0.0000 0.0000 0.0000 0.0000 0.9728 0.0000 202.4987 202.4987
15.3500 89.5882 0.0000 -70.6353 0.0000 0.0095 0.0287 0.0000 0.0000 0.0000 0.0000 0.9740 0.0000 202.6647 202.6647
15.4500 88.1657 0.0000 -70.4693 0.0000 0.0095 0.0299 0.0000 0.0000 0.0000 0.0000 0.9752 0.0000 202.8307 202.8307
15.5500 86.7432 0.0000 -70.3034 0.0000 0.0093 0.0312 0.0000 0.0000 0.0000 0.0000 0.9764 0.0000 202.9966 202.9966
15.6500 85.3207 0.0000 -70.1374 0.0000 0.0092 0.0325 0.0000 0.0000 0.0000 0.0000 0.9776 0.0000 203.1626 203.1626
15.7500 83.8983 0.0000 -69.9715 0.0000 0.0090 0.0338 0.0000 0.0000 0.0000 0.0000 0.9788 0.0000 203.3285 203.3285
15.8500 82.4758 0.0000 -69.8055 0.0000 0.0089 0.0352 0.0000 0.0000 0.0000 0.0000 0.9800 0.0000 203.4945 203.4945
15.9500 81.0533 0.0000 -69.6395 0.0000 0.0086 0.0367 0.0000 0.0000 0.0000 0.0000 0.9812 0.0000 203.6604 203.6604
16.0500 79.6309 0.0000 -69.4736 0.0000 0.0084 0.0383 0.0000 0.0000 0.0000 0.0000 0.9824 0.0000 203.8264 203.8264
16.1500 78.2084 0.0000 -69.3076 0.0000 0.0081 0.0400 0.0000 0.0000 0.0000 0.0000 0.9836 0.0000 203.9924 203.9924
16.2500 76.7859 0.0000 -69.1417 0.0000 0.0078 0.0417 0.0000 0.0000 0.0000 0.0000 0.9848 0.0000 204.1583 204.1583
16.3500 75.3634 0.0000 -68.9757 0.0000 0.0074 0.0435 0.0000 0.0000 0.0000 0.0000 0.9860 0.0000 204.3243 204.3243
16.4500 73.9409 0.0000 -68.8098 0.0000 0.0070 0.0454 0.0000 0.0000 0.0000 0.0000 0.9872 0.0000 204.4902 204.4902
16.5500 72.5185 0.0000 -68.6438 0.0000 0.0066 0.0474 0.0000 0.0000 0.0000 0.0000 0.9884 0.0000 204.6562 204.6562
16.6500 71.0960 0.0000 -68.4779 0.0000 0.0061 0.0496 0.0000 0.0000 0.0000 0.0000 0.9896 0.0000 204.8221 204.8221
16.7500 69.7757 0.0000 -68.2782 0.0000 0.0057 0.0520 0.0000 0.0000 0.0000 0.0000 0.9908 0.0000 205.0218 205.0218
16.8500 68.7981 0.0000 -67.9654 0.0000 0.0058 0.0551 0.0000 0.0000 0.0000 0.0000 0.9920 0.0000 205.3346 205.3346
16.9500 67.8206 0.0000 -67.6526 0.0000 0.0059 0.0584 0.0000 0.0000 0.0000 0.0000 0.9932 0.0000 205.6474 205.6474
17.0500 66.8431 0.0000 -67.3398 0.0000 0.0059 0.0620 0.0000 0.0000 0.0000 0.0000 0.9944 0.0000 205.9602 205.9602
17.1500 65.8656 0.0000 -67.0270 0.0000 0.0060 0.0658 0.0000 0.0000 0.0000 0.0000 0.9956 0.0000 206.2730 206.2730
17.2500 64.8881 0.0000 -66.7142 0.0000 0.0061 0.0698 0.0000 0.0000 0.0000 0.0000 0.9968 0.0000 206.5858 206.5858
17.3500 63.9106 0.0000 -66.4014 0.0000 0.0061 0.0740 0.0000 0.0000 0.0000 0.0000 0.9980 0.0000 206.8986 206.8986
17.4500 62.9330 0.0000 -66.0886 0.0000 0.0061 0.0785 0.0000 0.0000 0.0000 0.0000 0.9992 0.0000 207.2114 207.2114
17.5500 61.9555 0.0000 -65.7758 0.0000 0.0061 0.0833 0.0000 0.0000 0.0000 0.0000 1.0004 0.0000 207.5242 207.5242
17.6500 60.9780 0.0000 -65.4630 0.0000 0.0061 0.0884 0.0000 0.0000 0.0000 0.0000 1.0016 0.0000 207.8370 207.8370
17.7500 60.0005 0.0000 -65.1501 0.0000 0.0061 0.0938 0.0000 0.0000 0.0000 0.0000 1.0028 0.0000 208.1498 208.1498
17.8500 59.0230 0.0000 -64.8373 0.0000 0.0060 0.0996 0.0000 0.0000 0.0000 0.0000 1.0040 0.0000 208.4626 208.4626
17.9500 58.0454 0.0000 -64.5245 0.0000 0.0059 0.1057 0.0000 0.0000 0.0000 0.0000 1.0052 0.0000 208.7755 208.7755
18.0500 57.0679 0.0000 -64.2117 0.0000 0.0058 0.1122 0.0000 0.0000 0.0000 0.0000 1.0064 0.0000 209.0883 209.0883
18.1500 56.0904 0.0000 -63.8989 0.0000 0.0056 0.1191 0.0000 0.0000 0.0000 0.0000 1.0076 0.0000 209.4011 209.4011
18.2500 55.1129 0.0000 -63.5861 0.0000 0.0054 0.1265 0.0000 0.0000 0.0000 0.0000 1.0088 0.0000 209.7139 209.7139
18.3500 54.1354 0.0000 -63.2733 0.0000 0.0052 0.1343 0.0000 0.0000 0.0000 0.0000 1.0100 0.0000 210.0267 210.0267
18.4500 53.1579 0.0000 -62.9605 0.0000 0.0049 0.1427 0.0000 0.0000 0.0000 0.0000 1.0112 0.0000 210.3395 210.3395
18.5500 52.1803 0.0000 -62.6477 0.0000 0.0045 0.1516 0.0000 0.0000 0.0000 0.0000 1.0124 0.0000 210.6523 210.6523
18.6500 51.2028 0.0000 -62.3349 0.0000 0.0041 0.1611 0.0000 0.0000 0.0000 0.0000 1.0136 0.0000 210.9651 210.9651
18.7500 50.2253 0.0000 -62.0221 0.0000 0.0036 0.1713 0.0000 0.0000 0.0000 0.0000 1.0148 0.0000 211.2779 211.2779
18.8500 49.5206 0.0000 -61.7894 0.0000 0.0035 0.1792 0.0000 0.0000 0.0000 0.0000 1.0160 0.0000 211.5106 211.5106
18.9500 48.8975 0.0000 -61.5807 0.0000 0.0035 0.1865 0.0000 0.0000 0.0000 0.0000 1.0172 0.0000 211.7193 211.7193
19.0500 48.2745 0.0000 -61.3719 0.0000 0.0036 0.1942 0.0000 0.0000 0.0000 0.0000 1.0184 0.0000 211.9281 211.9281
19.1500 47.6514 0.0000 -61.1632 0.0000 0.0036 0.2023 0.0000 0.0000 0.0000 0.0000 1.0196 0.0000 212.1368 212.1368
19.2500 47.0283 0.0000 -60.9545 0.0000 0.0036 0.2107 0.0000 0.0000 0.0000 0.0000 1.0208 0.0000 212.3455 212.3455
19.3500 46.4053 0.0000 -60.7458 0.0000 0.0036 0.2195 0.0000 0.0000 0.0000 0.0000 1.0220 0.0000 212.5542 212.5542
19.4500 45.7822 0.0000 -60.5370 0.0000 0.0037 0.2286 0.0000 0.0000 0.0000 0.0000 1.0232 0.0000 212.7629 212.7629
19.5500 45.1592 0.0000 -60.3283 0.0000 0.0037 0.2382 0.0000 0.0000 0.0000 0.0000 1.0244 0.0000 212.9717 212.9717
19.6500 44.5361 0.0000 -60.1196 0.0000 0.0037 0.2482 0.0000 0.0000 0.0000 0.0000 1.0256 0.0000 213.1804 213.1804
19.7500 43.9131 0.0000 -59.9109 0.0000 0.0037 0.2586 0.0000 0.0000 0.0000 0.0000 1.0268 0.0000 213.3891 213.3891
19.8500 43.2900 0.0000 -59.7021 0.0000 0.0037 0.2696 0.0000 0.0000 0.0000 0.0000 1.0280 0.0000 213.5978 213.5978
