height(km) press(hPa) W(M/S) T(C) T-TE(C) QV(g/kg) SAT(g/kg) QC(g/kg) QH(g/kg) QI(g/kg) "Buoy(1e-2 m/s2)" radius(m) dwdt_entr(unitless) plumeT(K) envT(K)
0.0000 856.9257 29.4477 32.5211 0.2902 3.3844 38.0306 0.0000 0.0000 0.0000 1.8798 1.4906 -0.0595 305.8211 305.5309
0.0500 851.4569 29.3148 31.7289 0.9043 3.3844 36.5189 0.0000 0.0000 0.0000 1.8798 1.4953 -0.0595 305.0289 304.1246
0.1500 841.6974 29.1635 30.7498 0.8312 3.3839 34.8570 0.0000 0.0000 0.0000 1.4440 1.5012 -0.0611 304.0498 303.2186
0.2500 832.1188 28.9860 29.7739 0.4683 3.3829 33.2637 0.0000 0.0000 0.0000 0.7134 1.5071 -0.0605 303.0739 302.6056
0.3500 822.6134 28.7877 28.8010 0.1229 3.3812 31.7404 0.0000 0.0000 0.0000 0.0475 1.5130 -0.0594 302.1010 301.9781
0.4500 813.3197 28.5692 27.8306 -0.1784 3.3789 30.2777 0.0000 0.0000 0.0000 -0.5701 1.5189 -0.0583 301.1306 301.3090
0.5500 804.0260 28.3333 26.8629 -0.4770 3.3759 28.8815 0.0000 0.0000 0.0000 -1.0296 1.5247 -0.0572 300.1629 300.6399
0.6500 794.9030 28.0900 25.8964 -0.6235 3.3725 27.5403 0.0000 0.0000 0.0000 -1.2109 1.5307 -0.0567 299.1964 299.8199
0.7500 785.9101 27.8417 24.9305 -0.6542 3.3688 26.2523 0.0000 0.0000 0.0000 -1.2701 1.5369 -0.0571 298.2304 298.8846
0.8500 776.9172 27.5853 23.9651 -0.6844 3.3646 25.0201 0.0000 0.0000 0.0000 -1.3299 1.5433 -0.0580 297.2650 297.9494
0.9500 768.0982 27.3227 22.9998 -0.7048 3.3607 23.8352 0.0000 0.0000 0.0000 -1.3899 1.5498 -0.0578 296.2998 297.0046
1.0500 759.3264 27.0613 22.0347 -0.7225 3.3571 22.7001 0.0000 0.0000 0.0000 -1.4466 1.5562 -0.0563 295.3347 296.0572
1.1500 750.5544 26.7997 21.0697 -0.7402 3.3538 21.6142 0.0000 0.0000 0.0000 -1.5523 1.5626 -0.0548 294.3697 295.1099
1.2500 742.0745 26.5362 20.1049 -0.8049 3.3507 20.5674 0.0000 0.0000 0.0000 -1.7113 1.5688 -0.0527 293.4049 294.2099
1.3500 733.6143 26.2738 19.1405 -0.8727 3.3478 19.5663 0.0000 0.0000 0.0000 -1.8711 1.5749 -0.0502 292.4405 293.3131
1.4500 725.1541 26.0115 18.1764 -0.9399 3.3450 18.6097 0.0000 0.0000 0.0000 -2.0280 1.5809 -0.0481 291.4764 292.4163
1.5500 716.6938 25.7473 17.2128 -1.0067 3.3422 17.6958 0.0000 0.0000 0.0000 -2.1824 1.5869 -0.0463 290.5128 291.5195
1.6500 708.2336 25.4813 16.2496 -1.0732 3.3394 16.8230 0.0000 0.0000 0.0000 -2.3369 1.5928 -0.0450 289.5496 290.6227
1.7500 699.7852 25.2084 15.2870 -1.1411 3.3365 15.9893 0.0000 0.0000 0.0000 -2.5846 1.5988 -0.0440 288.5870 289.7281
1.8500 691.7725 24.9229 14.3255 -1.2853 3.3337 15.1841 0.0000 0.0000 0.0000 -2.9226 1.6047 -0.0428 287.6255 288.9108
1.9500 683.7596 24.6259 13.3651 -1.4284 3.3310 14.4164 0.0000 0.0000 0.0000 -3.2571 1.6107 -0.0416 286.6651 288.0935
2.0500 675.7468 24.3157 12.4060 -1.5702 3.3283 13.6849 0.0000 0.0000 0.0000 -3.5882 1.6167 -0.0407 285.7060 287.2762
2.1500 667.7340 23.9903 11.4484 -1.7105 3.3255 12.9879 0.0000 0.0000 0.0000 -3.9157 1.6228 -0.0401 284.7484 286.4589
2.2500 659.7212 23.6486 10.4923 -1.8493 3.3227 12.3240 0.0000 0.0000 0.0000 -4.2392 1.6291 -0.0398 283.7923 285.6415
2.3500 651.7084 23.2877 9.5382 -1.9861 3.3196 11.6923 0.0000 0.0000 0.0000 -4.5546 1.6355 -0.0397 282.8382 284.8242
2.4500 644.0574 22.9090 8.5851 -2.1112 3.3167 11.0840 0.0000 0.0000 0.0000 -4.8609 1.6420 -0.0391 281.8851 283.9963
2.5500 636.5046 22.5170 7.6329 -2.2326 3.3139 10.5031 0.0000 0.0000 0.0000 -5.1621 1.6485 -0.0375 280.9329 283.1655
2.6500 628.9517 22.1116 6.6818 -2.3529 3.3114 9.9502 0.0000 0.0000 0.0000 -5.4595 1.6550 -0.0360 279.9818 282.3347
2.7500 621.3988 21.6913 5.7318 -2.4720 3.3088 9.4241 0.0000 0.0000 0.0000 -5.7530 1.6615 -0.0347 279.0318 281.5038
2.8500 613.8459 21.2548 4.7832 -2.5899 3.3063 8.9236 0.0000 0.0000 0.0000 -6.0425 1.6680 -0.0335 278.0832 280.6730
2.9500 606.2931 20.7999 3.8360 -2.7063 3.3037 8.4479 0.0000 0.0000 0.0000 -6.3167 1.6747 -0.0325 277.1360 279.8422
3.0500 598.8154 20.3280 2.8904 -2.8079 3.3010 7.9948 0.0000 0.0000 0.0000 -6.5194 1.6815 -0.0316 276.1904 278.9984
3.1500 591.7131 19.8410 1.9459 -2.8434 3.2991 7.5591 0.0000 0.0000 0.0000 -6.6587 1.6885 -0.0310 275.2458 278.0893
3.2500 584.6108 19.3370 1.0027 -2.8775 3.2978 7.1453 0.0000 0.0000 0.0000 -6.7880 1.6958 -0.0305 274.3026 277.1802
3.3500 577.5085 18.8149 0.0610 -2.9101 3.2970 6.7526 0.0000 0.0000 0.0000 -6.9075 1.7035 -0.0301 273.3610 276.2711
3.4500 570.4062 18.2735 -0.8790 -2.9410 3.2967 6.3799 0.0000 0.0000 0.0000 -7.0174 1.7115 -0.0298 272.4210 275.3620
3.5500 563.3040 17.7112 -1.8171 -2.9700 3.2967 6.0264 0.0000 0.0000 0.0000 -7.1177 1.7199 -0.0294 271.4829 274.4529
3.6500 556.2017 17.1273 -2.7531 -2.9969 3.2968 5.6913 0.0000 0.0000 0.0000 -7.2174 1.7288 -0.0290 270.5469 273.5438
3.7500 549.1580 16.5161 -3.6867 -3.0272 3.2971 5.3733 0.0000 0.0000 0.0000 -7.3799 1.7382 -0.0286 269.6133 272.6405
3.8500 542.5179 15.8686 -4.6169 -3.0942 3.2986 5.0687 0.0000 0.0000 0.0000 -7.5922 1.7483 -0.0283 268.6831 271.7773
3.9500 535.8778 15.1808 -5.5430 -3.1571 3.3010 4.7810 0.0000 0.0000 0.0000 -7.7880 1.7592 -0.0280 267.7570 270.9141
4.0500 529.2377 14.4493 -6.4648 -3.2157 3.3044 4.5094 0.0000 0.0000 0.0000 -7.9670 1.7710 -0.0274 266.8352 270.0509
4.1500 522.5977 13.6699 -7.3818 -3.2695 3.3086 4.2532 0.0000 0.0000 0.0000 -8.1284 1.7838 -0.0266 265.9182 269.1877
4.2500 515.9575 12.8359 -8.2935 -3.3180 3.3136 4.0117 0.0000 0.0000 0.0000 -8.2710 1.7978 -0.0256 265.0065 268.3245
4.3500 509.3174 11.9420 -9.1991 -3.3604 3.3190 3.7843 0.0000 0.0000 0.0000 -8.3966 1.8130 -0.0243 264.1009 267.4613
4.4500 502.6773 10.9554 -10.1005 -3.3986 3.3265 3.5696 0.0002 0.0000 0.0000 -8.6573 1.8299 -0.0226 263.1995 266.5981
4.5500 496.3342 9.8668 -11.0358 -3.5606 3.3489 3.3546 0.0077 0.0000 0.0000 -8.8099 1.8474 -0.0198 262.2642 265.8248
4.6500 490.1917 8.6823 -11.6755 -3.4877 3.2525 3.2262 0.0779 0.0000 0.0000 -8.6900 1.8646 -0.0157 261.6245 265.1122
4.7500 484.0491 7.2941 -12.2862 -3.3859 3.1467 3.1096 0.1861 0.0000 0.0000 -8.5457 1.8820 -0.0114 261.0138 264.3997
4.8500 477.9066 5.4435 -12.9048 -3.2920 3.0595 2.9950 0.2708 0.0000 0.0000 -8.2932 1.9024 -0.0072 260.3952 263.6872
4.9500 471.7641 3.0806 -13.4606 -3.1352 3.0107 2.8992 0.2962 0.0000 0.0000 -7.5173 1.9346 -0.0033 259.8394 262.9746
5.0500 465.6216 0.8776 -13.6963 -2.6584 2.9670 2.8813 0.2697 0.0000 0.0000 -5.8916 1.9873 -0.0007 259.6037 262.2621
5.1500 459.4791 -0.3597 -13.5927 -1.8423 2.9045 2.9450 0.2166 0.0000 0.0000 -3.7594 2.0512 -0.0002 259.7073 261.5496
5.2500 453.3366 -0.6041 -13.4313 -0.9684 2.8289 3.0249 0.1668 0.0000 0.0000 -1.9304 2.1067 -0.0003 259.8687 260.8370
5.3500 447.4337 -0.4145 -13.5210 -0.3990 2.7530 3.0425 0.1303 0.0000 0.0000 -0.8861 2.1479 -0.0001 259.7790 260.1779
5.4500 441.8157 -0.2153 -13.8742 -0.1567 2.6815 2.9932 0.1022 0.0000 0.0000 -0.4290 2.1802 -0.0000 259.4258 259.5825
5.5500 436.1978 -0.0986 -14.3687 -0.0557 2.6081 2.9106 0.0824 0.0000 0.0000 -0.2347 2.2093 -0.0000 258.9312 258.9869
5.6500 430.5798 -0.0449 -14.9266 -0.0181 2.5317 2.8154 0.0678 0.0000 0.0000 -0.1567 2.2389 -0.0000 258.3734 258.3914
5.7500 424.9618 -0.0232 -15.5097 -0.0056 2.4522 2.7175 0.0561 0.0000 0.0000 -0.1254 2.2701 -0.0000 257.7903 257.7959
5.8500 419.3438 -0.0148 -16.1016 -0.0020 2.3698 2.6208 0.0461 0.0000 0.0000 -0.1136 2.3025 -0.0000 257.1984 257.2004
5.9500 413.7259 -0.0120 -16.6974 -0.0024 2.2839 2.5266 0.0375 0.0000 0.0000 -0.1163 2.3340 -0.0000 256.6025 256.6049
6.0500 408.1079 -0.0121 -17.2981 -0.0075 2.1943 2.4345 0.0300 0.0000 0.0000 -0.1511 2.3616 -0.0000 256.0019 256.0094
6.1500 402.4899 -0.0111 -17.9164 -0.0303 2.1003 2.3420 0.0236 0.0000 0.0000 -0.1645 2.3815 -0.0000 255.3836 255.4139
6.2500 397.1650 -0.0070 -18.6169 -0.0247 2.0010 2.2354 0.0185 0.0000 0.0000 -0.1083 2.3893 -0.0000 254.6831 254.7077
6.3500 392.0733 -0.0033 -19.3915 -0.0049 1.8969 2.1183 0.0143 0.0000 0.0000 -0.0515 2.3826 -0.0000 253.9085 253.9134
6.4500 386.9817 -0.0015 -20.1817 -0.0009 1.7891 2.0040 0.0110 0.0000 0.0000 -0.0254 2.3605 -0.0000 253.1182 253.1191
6.5500 381.8900 -0.0005 -20.9753 -0.0002 1.6788 1.8947 0.0084 0.0000 0.0000 -0.0097 2.3215 -0.0000 252.3247 252.3248
6.6500 376.7984 -0.0000 -21.7695 -0.0000 1.5668 1.7907 0.0062 0.0000 0.0000 0.0004 2.2639 -0.0000 251.5305 251.5305
6.7500 371.7067 0.0002 -22.5638 -0.0000 1.4538 1.6919 0.0045 0.0000 0.0000 0.0061 2.1849 -0.0000 250.7362 250.7362
6.8500 366.6151 0.0003 -23.3581 -0.0000 1.3407 1.5979 0.0031 0.0000 0.0000 0.0082 2.0815 -0.0000 249.9419 249.9419
6.9500 361.5234 0.0002 -24.1523 0.0000 1.2277 1.5087 0.0019 0.0000 0.0000 0.0070 1.9493 -0.0000 249.1476 249.1476
7.0500 356.4318 0.0000 -24.9466 0.0000 1.1152 1.4241 0.0009 0.0000 0.0000 0.0000 1.7832 -0.0000 248.3533 248.3533
7.1500 351.3401 0.0000 -25.7409 0.0000 1.0033 1.3437 0.0000 0.0000 0.0000 0.0000 1.5764 0.0000 247.5591 247.5591
7.2500 346.6509 0.0000 -26.4189 0.0000 0.9118 1.2796 0.0000 0.0000 0.0000 0.0000 1.5776 0.0000 246.8811 246.8811
7.3500 342.1055 0.0000 -27.0552 0.0000 0.8255 1.2226 0.0000 0.0000 0.0000 0.0000 1.5788 0.0000 246.2448 246.2448
7.4500 337.5600 0.0000 -27.6916 0.0000 0.7451 1.1678 0.0000 0.0000 0.0000 0.0000 1.5800 0.0000 245.6084 245.6084
7.5500 333.0146 0.0000 -28.3280 0.0000 0.6700 1.1153 0.0000 0.0000 0.0000 0.0000 1.5812 0.0000 244.9720 244.9720
7.6500 328.4691 0.0000 -28.9643 0.0000 0.6001 1.0650 0.0000 0.0000 0.0000 0.0000 1.5824 0.0000 244.3357 244.3357
7.7500 323.9236 0.0000 -29.6007 0.0000 0.5350 1.0168 0.0000 0.0000 0.0000 0.0000 1.5836 0.0000 243.6993 243.6993
7.8500 319.3782 0.0000 -30.2370 0.0000 0.4745 0.9706 0.0000 0.0000 0.0000 0.0000 1.5848 0.0000 243.0629 243.0629
7.9500 314.8327 0.0000 -30.8734 0.0000 0.4184 0.9264 0.0000 0.0000 0.0000 0.0000 1.5860 0.0000 242.4266 242.4266
8.0500 310.2873 0.0000 -31.5098 0.0000 0.3663 0.8840 0.0000 0.0000 0.0000 0.0000 1.5872 0.0000 241.7902 241.7902
8.1500 305.7419 0.0000 -32.1461 0.0000 0.3180 0.8434 0.0000 0.0000 0.0000 0.0000 1.5884 0.0000 241.1538 241.1538
8.2500 301.1964 0.0000 -32.7825 0.0000 0.2734 0.8046 0.0000 0.0000 0.0000 0.0000 1.5896 0.0000 240.5175 240.5175
8.3500 297.0716 0.0000 -33.4888 0.0000 0.2427 0.7611 0.0000 0.0000 0.0000 0.0000 1.5908 0.0000 239.8112 239.8112
8.4500 293.0970 0.0000 -34.2202 0.0000 0.2180 0.7175 0.0000 0.0000 0.0000 0.0000 1.5920 0.0000 239.0798 239.0798
8.5500 289.1224 0.0000 -34.9515 0.0000 0.1952 0.6763 0.0000 0.0000 0.0000 0.0000 1.5932 0.0000 238.3485 238.3485
8.6500 285.1479 0.0000 -35.6828 0.0000 0.1743 0.6371 0.0000 0.0000 0.0000 0.0000 1.5944 0.0000 237.6172 237.6172
8.7500 281.1733 0.0000 -36.4141 0.0000 0.1551 0.6001 0.0000 0.0000 0.0000 0.0000 1.5956 0.0000 236.8859 236.8859
8.8500 277.1988 0.0000 -37.1454 0.0000 0.1375 0.5650 0.0000 0.0000 0.0000 0.0000 1.5968 0.0000 236.1546 236.1546
8.9500 273.2242 0.0000 -37.8767 0.0000 0.1214 0.5318 0.0000 0.0000 0.0000 0.0000 1.5980 0.0000 235.4232 235.4232
9.0500 269.2496 0.0000 -38.6081 0.0000 0.1067 0.5004 0.0000 0.0000 0.0000 0.0000 1.5992 0.0000 234.6919 234.6919
9.1500 265.2751 0.0000 -39.3394 0.0000 0.0932 0.4706 0.0000 0.0000 0.0000 0.0000 1.6004 0.0000 233.9606 233.9606
9.2500 261.3005 0.0000 -40.0707 0.0000 0.0810 0.4425 0.0000 0.0000 0.0000 0.0000 1.6016 0.0000 233.2293 233.2293
9.3500 257.3260 0.0000 -40.8020 0.0000 0.0698 0.4160 0.0000 0.0000 0.0000 0.0000 1.6028 0.0000 232.4980 232.4980
9.4500 253.3514 0.0000 -41.5333 0.0000 0.0597 0.3908 0.0000 0.0000 0.0000 0.0000 1.6040 0.0000 231.7666 231.7666
9.5500 249.4448 0.0000 -42.2499 0.0000 0.0515 0.3676 0.0000 0.0000 0.0000 0.0000 1.6052 0.0000 231.0500 231.0500
9.6500 245.9037 0.0000 -42.8873 0.0000 0.0487 0.3481 0.0000 0.0000 0.0000 0.0000 1.6064 0.0000 230.4127 230.4127
9.7500 242.3626 0.0000 -43.5247 0.0000 0.0461 0.3296 0.0000 0.0000 0.0000 0.0000 1.6076 0.0000 229.7753 229.7753
9.8500 238.8216 0.0000 -44.1621 0.0000 0.0437 0.3119 0.0000 0.0000 0.0000 0.0000 1.6088 0.0000 229.1379 229.1379
9.9500 235.2805 0.0000 -44.7995 0.0000 0.0413 0.2952 0.0000 0.0000 0.0000 0.0000 1.6100 0.0000 228.5005 228.5005
10.0500 231.7394 0.0000 -45.4369 0.0000 0.0391 0.2792 0.0000 0.0000 0.0000 0.0000 1.6112 0.0000 227.8631 227.8631
10.1500 228.1983 0.0000 -46.0743 0.0000 0.0370 0.2641 0.0000 0.0000 0.0000 0.0000 1.6124 0.0000 227.2257 227.2257
10.2500 224.6866 0.0000 -46.7127 0.0000 0.0352 0.2497 0.0000 0.0000 0.0000 0.0000 1.6136 0.0000 226.5873 226.5873
10.3500 221.4482 0.0000 -47.3604 0.0000 0.0356 0.2354 0.0000 0.0000 0.0000 0.0000 1.6148 0.0000 225.9396 225.9396
10.4500 218.2099 0.0000 -48.0080 0.0000 0.0359 0.2220 0.0000 0.0000 0.0000 0.0000 1.6160 0.0000 225.2920 225.2920
10.5500 214.9715 0.0000 -48.6557 0.0000 0.0360 0.2092 0.0000 0.0000 0.0000 0.0000 1.6172 0.0000 224.6443 224.6443
10.6500 211.7332 0.0000 -49.3034 0.0000 0.0360 0.1971 0.0000 0.0000 0.0000 0.0000 1.6184 0.0000 223.9966 223.9966
10.7500 208.4948 0.0000 -49.9510 0.0000 0.0358 0.1856 0.0000 0.0000 0.0000 0.0000 1.6196 0.0000 223.3490 223.3490
10.8500 205.2565 0.0000 -50.5987 0.0000 0.0355 0.1748 0.0000 0.0000 0.0000 0.0000 1.6208 0.0000 222.7013 222.7013
10.9500 202.0181 0.0000 -51.2464 0.0000 0.0351 0.1646 0.0000 0.0000 0.0000 0.0000 1.6220 0.0000 222.0536 222.0536
11.0500 198.8996 0.0000 -51.8701 0.0000 0.0346 0.1552 0.0000 0.0000 0.0000 0.0000 1.6232 0.0000 221.4299 221.4299
11.1500 195.9790 0.0000 -52.4542 0.0000 0.0337 0.1469 0.0000 0.0000 0.0000 0.0000 1.6244 0.0000 220.8458 220.8458
11.2500 193.0584 0.0000 -53.0383 0.0000 0.0329 0.1390 0.0000 0.0000 0.0000 0.0000 1.6256 0.0000 220.2617 220.2617
11.3500 190.1379 0.0000 -53.6224 0.0000 0.0321 0.1315 0.0000 0.0000 0.0000 0.0000 1.6268 0.0000 219.6776 219.6776
11.4500 187.2173 0.0000 -54.2065 0.0000 0.0312 0.1244 0.0000 0.0000 0.0000 0.0000 1.6280 0.0000 219.0935 219.0935
11.5500 184.2967 0.0000 -54.7906 0.0000 0.0303 0.1177 0.0000 0.0000 0.0000 0.0000 1.6292 0.0000 218.5093 218.5093
11.6500 181.3762 0.0000 -55.3748 0.0000 0.0295 0.1113 0.0000 0.0000 0.0000 0.0000 1.6304 0.0000 217.9252 217.9252
11.7500 178.4556 0.0000 -55.9589 0.0000 0.0286 0.1052 0.0000 0.0000 0.0000 0.0000 1.6316 0.0000 217.3411 217.3411
11.8500 175.5351 0.0000 -56.5430 0.0000 0.0277 0.0994 0.0000 0.0000 0.0000 0.0000 1.6328 0.0000 216.7570 216.7570
11.9500 172.8861 0.0000 -57.0728 0.0000 0.0263 0.0944 0.0000 0.0000 0.0000 0.0000 1.6340 0.0000 216.2272 216.2272
12.0500 170.2982 0.0000 -57.5904 0.0000 0.0248 0.0898 0.0000 0.0000 0.0000 0.0000 1.6352 0.0000 215.7096 215.7096
12.1500 167.7102 0.0000 -58.1080 0.0000 0.0234 0.0854 0.0000 0.0000 0.0000 0.0000 1.6364 0.0000 215.1920 215.1920
12.2500 165.1222 0.0000 -58.6256 0.0000 0.0221 0.0812 0.0000 0.0000 0.0000 0.0000 1.6376 0.0000 214.6744 214.6744
12.3500 162.5342 0.0000 -59.1432 0.0000 0.0208 0.0772 0.0000 0.0000 0.0000 0.0000 1.6388 0.0000 214.1568 214.1568
12.4500 159.9462 0.0000 -59.6608 0.0000 0.0197 0.0733 0.0000 0.0000 0.0000 0.0000 1.6400 0.0000 213.6392 213.6392
12.5500 157.3582 0.0000 -60.1784 0.0000 0.0185 0.0697 0.0000 0.0000 0.0000 0.0000 1.6412 0.0000 213.1216 213.1216
12.6500 154.7702 0.0000 -60.6960 0.0000 0.0175 0.0662 0.0000 0.0000 0.0000 0.0000 1.6424 0.0000 212.6040 212.6040
12.7500 152.1822 0.0000 -61.2135 0.0000 0.0165 0.0629 0.0000 0.0000 0.0000 0.0000 1.6436 0.0000 212.0864 212.0864
12.8500 149.6475 0.0000 -61.7374 0.0000 0.0156 0.0597 0.0000 0.0000 0.0000 0.0000 1.6448 0.0000 211.5626 211.5626
12.9500 147.3993 0.0000 -62.2950 0.0000 0.0153 0.0563 0.0000 0.0000 0.0000 0.0000 1.6460 0.0000 211.0050 211.0050
13.0500 145.1511 0.0000 -62.8525 0.0000 0.0150 0.0530 0.0000 0.0000 0.0000 0.0000 1.6472 0.0000 210.4475 210.4475
13.1500 142.9029 0.0000 -63.4101 0.0000 0.0147 0.0500 0.0000 0.0000 0.0000 0.0000 1.6484 0.0000 209.8899 209.8899
13.2500 140.6547 0.0000 -63.9676 0.0000 0.0143 0.0471 0.0000 0.0000 0.0000 0.0000 1.6496 0.0000 209.3324 209.3324
13.3500 138.4065 0.0000 -64.5252 0.0000 0.0140 0.0443 0.0000 0.0000 0.0000 0.0000 1.6508 0.0000 208.7748 208.7748
13.4500 136.1583 0.0000 -65.0827 0.0000 0.0136 0.0417 0.0000 0.0000 0.0000 0.0000 1.6520 0.0000 208.2173 208.2173
13.5500 133.9101 0.0000 -65.6403 0.0000 0.0132 0.0393 0.0000 0.0000 0.0000 0.0000 1.6532 0.0000 207.6597 207.6597
13.6500 131.6619 0.0000 -66.1978 0.0000 0.0129 0.0370 0.0000 0.0000 0.0000 0.0000 1.6544 0.0000 207.1021 207.1021
13.7500 129.4137 0.0000 -66.7554 0.0000 0.0125 0.0348 0.0000 0.0000 0.0000 0.0000 1.6556 0.0000 206.5446 206.5446
13.8500 127.1655 0.0000 -67.3130 0.0000 0.0121 0.0327 0.0000 0.0000 0.0000 0.0000 1.6568 0.0000 205.9870 205.9870
13.9500 124.9307 0.0000 -67.8591 0.0000 0.0117 0.0308 0.0000 0.0000 0.0000 0.0000 1.6580 0.0000 205.4409 205.4409
14.0500 123.0482 0.0000 -68.1076 0.0000 0.0115 0.0302 0.0000 0.0000 0.0000 0.0000 1.6592 0.0000 205.1924 205.1924
14.1500 121.1657 0.0000 -68.3561 0.0000 0.0113 0.0296 0.0000 0.0000 0.0000 0.0000 1.6604 0.0000 204.9439 204.9439
14.2500 119.2831 0.0000 -68.6046 0.0000 0.0112 0.0290 0.0000 0.0000 0.0000 0.0000 1.6616 0.0000 204.6954 204.6954
14.3500 117.4006 0.0000 -68.8531 0.0000 0.0110 0.0284 0.0000 0.0000 0.0000 0.0000 1.6628 0.0000 204.4469 204.4469
14.4500 115.5181 0.0000 -69.1016 0.0000 0.0108 0.0279 0.0000 0.0000 0.0000 0.0000 1.6640 0.0000 204.1984 204.1984
14.5500 113.6356 0.0000 -69.3501 0.0000 0.0106 0.0273 0.0000 0.0000 0.0000 0.0000 1.6652 0.0000 203.9499 203.9499
14.6500 111.7530 0.0000 -69.5986 0.0000 0.0105 0.0268 0.0000 0.0000 0.0000 0.0000 1.6664 0.0000 203.7014 203.7014
14.7500 109.8705 0.0000 -69.8471 0.0000 0.0103 0.0263 0.0000 0.0000 0.0000 0.0000 1.6676 0.0000 203.4529 203.4529
14.8500 107.9880 0.0000 -70.0956 0.0000 0.0102 0.0258 0.0000 0.0000 0.0000 0.0000 1.6688 0.0000 203.2044 203.2044
14.9500 106.1054 0.0000 -70.3441 0.0000 0.0100 0.0253 0.0000 0.0000 0.0000 0.0000 1.6700 0.0000 202.9559 202.9559
15.0500 104.2229 0.0000 -70.5926 0.0000 0.0099 0.0249 0.0000 0.0000 0.0000 0.0000 1.6712 0.0000 202.7074 202.7074
15.1500 102.3404 0.0000 -70.8411 0.0000 0.0097 0.0244 0.0000 0.0000 0.0000 0.0000 1.6724 0.0000 202.4589 202.4589
15.2500 100.4578 0.0000 -71.0896 0.0000 0.0096 0.0240 0.0000 0.0000 0.0000 0.0000 1.6736 0.0000 202.2104 202.2104
15.3500 98.9250 0.0000 -71.0712 0.0000 0.0095 0.0244 0.0000 0.0000 0.0000 0.0000 1.6748 0.0000 202.2288 202.2288
15.4500 97.5046 0.0000 -70.9670 0.0000 0.0095 0.0251 0.0000 0.0000 0.0000 0.0000 1.6760 0.0000 202.3330 202.3330
15.5500 96.0841 0.0000 -70.8628 0.0000 0.0095 0.0259 0.0000 0.0000 0.0000 0.0000 1.6772 0.0000 202.4372 202.4372
15.6500 94.6637 0.0000 -70.7587 0.0000 0.0094 0.0267 0.0000 0.0000 0.0000 0.0000 1.6784 0.0000 202.5413 202.5413
15.7500 93.2432 0.0000 -70.6545 0.0000 0.0093 0.0275 0.0000 0.0000 0.0000 0.0000 1.6796 0.0000 202.6455 202.6455
15.8500 91.8227 0.0000 -70.5503 0.0000 0.0093 0.0284 0.0000 0.0000 0.0000 0.0000 1.6808 0.0000 202.7497 202.7497
15.9500 90.4023 0.0000 -70.4462 0.0000 0.0092 0.0293 0.0000 0.0000 0.0000 0.0000 1.6820 0.0000 202.8538 202.8538
16.0500 88.9818 0.0000 -70.3420 0.0000 0.0091 0.0302 0.0000 0.0000 0.0000 0.0000 1.6832 0.0000 202.9580 202.9580
16.1500 87.5614 0.0000 -70.2378 0.0000 0.0090 0.0312 0.0000 0.0000 0.0000 0.0000 1.6844 0.0000 203.0622 203.0622
16.2500 86.1409 0.0000 -70.1337 0.0000 0.0089 0.0322 0.0000 0.0000 0.0000 0.0000 1.6856 0.0000 203.1663 203.1663
16.3500 84.7205 0.0000 -70.0295 0.0000 0.0087 0.0332 0.0000 0.0000 0.0000 0.0000 1.6868 0.0000 203.2705 203.2705
16.4500 83.3000 0.0000 -69.9253 0.0000 0.0086 0.0343 0.0000 0.0000 0.0000 0.0000 1.6880 0.0000 203.3747 203.3747
16.5500 81.8796 0.0000 -69.8212 0.0000 0.0084 0.0354 0.0000 0.0000 0.0000 0.0000 1.6892 0.0000 203.4788 203.4788
16.6500 80.4591 0.0000 -69.7170 0.0000 0.0082 0.0366 0.0000 0.0000 0.0000 0.0000 1.6904 0.0000 203.5830 203.5830
16.7500 79.0387 0.0000 -69.6128 0.0000 0.0080 0.0378 0.0000 0.0000 0.0000 0.0000 1.6916 0.0000 203.6872 203.6872
16.8500 77.6182 0.0000 -69.5087 0.0000 0.0078 0.0391 0.0000 0.0000 0.0000 0.0000 1.6928 0.0000 203.7913 203.7913
16.9500 76.1977 0.0000 -69.4045 0.0000 0.0075 0.0404 0.0000 0.0000 0.0000 0.0000 1.6940 0.0000 203.8955 203.8955
17.0500 74.7773 0.0000 -69.3003 0.0000 0.0072 0.0418 0.0000 0.0000 0.0000 0.0000 1.6952 0.0000 203.9997 203.9997
17.1500 73.3568 0.0000 -69.1962 0.0000 0.0069 0.0433 0.0000 0.0000 0.0000 0.0000 1.6964 0.0000 204.1038 204.1038
17.2500 71.9364 0.0000 -69.0920 0.0000 0.0066 0.0448 0.0000 0.0000 0.0000 0.0000 1.6976 0.0000 204.2080 204.2080
17.3500 70.5159 0.0000 -68.9878 0.0000 0.0063 0.0464 0.0000 0.0000 0.0000 0.0000 1.6988 0.0000 204.3122 204.3122
17.4500 69.3754 0.0000 -68.7720 0.0000 0.0062 0.0487 0.0000 0.0000 0.0000 0.0000 1.7000 0.0000 204.5280 204.5280
17.5500 68.3945 0.0000 -68.4924 0.0000 0.0062 0.0514 0.0000 0.0000 0.0000 0.0000 1.7012 0.0000 204.8076 204.8076
17.6500 67.4136 0.0000 -68.2129 0.0000 0.0063 0.0543 0.0000 0.0000 0.0000 0.0000 1.7024 0.0000 205.0871 205.0871
17.7500 66.4328 0.0000 -67.9333 0.0000 0.0063 0.0573 0.0000 0.0000 0.0000 0.0000 1.7036 0.0000 205.3667 205.3667
17.8500 65.4519 0.0000 -67.6538 0.0000 0.0064 0.0605 0.0000 0.0000 0.0000 0.0000 1.7048 0.0000 205.6462 205.6462
17.9500 64.4710 0.0000 -67.3742 0.0000 0.0064 0.0640 0.0000 0.0000 0.0000 0.0000 1.7060 0.0000 205.9258 205.9258
18.0500 63.4901 0.0000 -67.0947 0.0000 0.0064 0.0676 0.0000 0.0000 0.0000 0.0000 1.7072 0.0000 206.2053 206.2053
18.1500 62.5093 0.0000 -66.8151 0.0000 0.0063 0.0714 0.0000 0.0000 0.0000 0.0000 1.7084 0.0000 206.4848 206.4848
18.2500 61.5284 0.0000 -66.5356 0.0000 0.0063 0.0754 0.0000 0.0000 0.0000 0.0000 1.7096 0.0000 206.7644 206.7644
18.3500 60.5475 0.0000 -66.2560 0.0000 0.0062 0.0797 0.0000 0.0000 0.0000 0.0000 1.7108 0.0000 207.0439 207.0439
18.4500 59.5667 0.0000 -65.9765 0.0000 0.0061 0.0843 0.0000 0.0000 0.0000 0.0000 1.7120 0.0000 207.3235 207.3235
18.5500 58.5858 0.0000 -65.6969 0.0000 0.0060 0.0891 0.0000 0.0000 0.0000 0.0000 1.7132 0.0000 207.6030 207.6030
18.6500 57.6049 0.0000 -65.4174 0.0000 0.0058 0.0942 0.0000 0.0000 0.0000 0.0000 1.7144 0.0000 207.8826 207.8826
18.7500 56.6240 0.0000 -65.1378 0.0000 0.0056 0.0996 0.0000 0.0000 0.0000 0.0000 1.7156 0.0000 208.1621 208.1621
18.8500 55.6432 0.0000 -64.8583 0.0000 0.0054 0.1053 0.0000 0.0000 0.0000 0.0000 1.7168 0.0000 208.4417 208.4417
18.9500 54.6623 0.0000 -64.5788 0.0000 0.0051 0.1114 0.0000 0.0000 0.0000 0.0000 1.7180 0.0000 208.7212 208.7212
19.0500 53.6814 0.0000 -64.2992 0.0000 0.0047 0.1178 0.0000 0.0000 0.0000 0.0000 1.7192 0.0000 209.0008 209.0008
19.1500 52.7005 0.0000 -64.0197 0.0000 0.0043 0.1247 0.0000 0.0000 0.0000 0.0000 1.7204 0.0000 209.2803 209.2803
19.2500 51.7197 0.0000 -63.7401 0.0000 0.0039 0.1320 0.0000 0.0000 0.0000 0.0000 1.7216 0.0000 209.5599 209.5599
19.3500 50.7388 0.0000 -63.4606 0.0000 0.0034 0.1398 0.0000 0.0000 0.0000 0.0000 1.7228 0.0000 209.8394 209.8394
19.4500 49.8459 0.0000 -63.1915 0.0000 0.0029 0.1475 0.0000 0.0000 0.0000 0.0000 1.7240 0.0000 210.1085 210.1085
19.5500 49.2217 0.0000 -62.9543 0.0000 0.0030 0.1543 0.0000 0.0000 0.0000 0.0000 1.7252 0.0000 210.3457 210.3457
19.6500 48.5975 0.0000 -62.7171 0.0000 0.0030 0.1613 0.0000 0.0000 0.0000 0.0000 1.7264 0.0000 210.5829 210.5829
19.7500 47.9733 0.0000 -62.4798 0.0000 0.0030 0.1687 0.0000 0.0000 0.0000 0.0000 1.7276 0.0000 210.8201 210.8201
19.8500 47.3491 0.0000 -62.2426 0.0000 0.0031 0.1764 0.0000 0.0000 0.0000 0.0000 1.7288 0.0000 211.0573 211.0573
