height(km) press(hPa) W(M/S) T(C) T-TE(C) QV(g/kg) SAT(g/kg) QC(g/kg) QH(g/kg) QI(g/kg) "Buoy(1e-2 m/s2)" radius(m) dwdt_entr(unitless) plumeT(K) envT(K)
0.0000 792.9164 32.7222 27.1065 0.2769 4.6354 29.7467 0.0000 0.0000 0.0000 2.7666 1.8952 -0.0481 300.4065 300.1296
0.0500 788.5262 32.6262 26.3212 0.5648 4.6341 28.5100 0.0000 0.0000 0.0000 2.7666 1.8989 -0.0481 299.6212 299.0564
0.1500 779.7457 32.6266 25.3380 1.7279 4.6298 27.1458 0.0000 0.0000 0.0000 4.7931 1.9038 -0.0473 298.6379 296.9101
0.2500 770.9550 32.6311 24.3492 2.2390 4.6227 25.8327 0.0000 0.0000 0.0000 5.1436 1.9096 -0.0546 297.6492 295.4102
0.3500 762.1522 32.5944 23.3625 1.9917 4.6158 24.5809 0.0000 0.0000 0.0000 4.5926 1.9156 -0.0601 296.6625 294.6708
0.4500 753.3493 32.5381 22.3774 1.7461 4.6090 23.3867 0.0000 0.0000 0.0000 4.1004 1.9217 -0.0610 295.6774 293.9313
0.5500 744.7410 32.4669 21.3938 1.5487 4.6024 22.2413 0.0000 0.0000 0.0000 3.7006 1.9278 -0.0611 294.6938 293.1451
0.6500 736.2520 32.3874 20.4116 1.3813 4.5959 21.1450 0.0000 0.0000 0.0000 3.3379 1.9337 -0.0599 293.7115 292.3302
0.7500 727.7630 32.3014 19.4305 1.2152 4.5894 20.0991 0.0000 0.0000 0.0000 2.9780 1.9396 -0.0583 292.7305 291.5153
0.8500 719.2740 32.2086 18.4507 1.0504 4.5831 19.1016 0.0000 0.0000 0.0000 2.6205 1.9454 -0.0569 291.7507 290.7003
0.9500 710.7852 32.1085 17.4720 0.8866 4.5767 18.1502 0.0000 0.0000 0.0000 2.2654 1.9511 -0.0557 290.7720 289.8854
1.0500 702.2961 32.0007 16.4945 0.7241 4.5702 17.2429 0.0000 0.0000 0.0000 1.9068 1.9568 -0.0545 289.7945 289.0704
1.1500 694.1357 31.8843 15.5179 0.5660 4.5640 16.3695 0.0000 0.0000 0.0000 1.5433 1.9625 -0.0536 288.8179 288.2519
1.2500 686.0971 31.7585 14.5423 0.4103 4.5580 15.5341 0.0000 0.0000 0.0000 1.1815 1.9681 -0.0529 287.8423 287.4319
1.3500 678.0585 31.6229 13.5677 0.2557 4.5521 14.7381 0.0000 0.0000 0.0000 0.8235 1.9737 -0.0523 286.8677 286.6120
1.4500 670.0200 31.4768 12.5941 0.1021 4.5463 13.9797 0.0000 0.0000 0.0000 0.4689 1.9794 -0.0519 285.8941 285.7920
1.5500 661.9813 31.3199 11.6216 -0.0505 4.5405 13.2572 0.0000 0.0000 0.0000 0.1176 1.9851 -0.0516 284.9216 284.9721
1.6500 653.9428 31.1512 10.6501 -0.2021 4.5347 12.5692 0.0000 0.0000 0.0000 -0.2344 1.9909 -0.0515 283.9501 284.1522
1.7500 646.1401 30.9706 9.6797 -0.3535 4.5289 11.9097 0.0000 0.0000 0.0000 -0.5908 1.9967 -0.0511 282.9796 283.3331
1.8500 638.5643 30.7805 8.7100 -0.5049 4.5233 11.2777 0.0000 0.0000 0.0000 -0.9476 2.0024 -0.0499 282.0100 282.5150
1.9500 630.9885 30.5820 7.7413 -0.6555 4.5178 10.6764 0.0000 0.0000 0.0000 -1.3013 2.0081 -0.0487 281.0413 281.6967
2.0500 623.4128 30.3740 6.7736 -0.8050 4.5123 10.1046 0.0000 0.0000 0.0000 -1.6519 2.0138 -0.0478 280.0735 280.8786
2.1500 615.8370 30.1548 5.8069 -0.9536 4.5067 9.5608 0.0000 0.0000 0.0000 -1.9996 2.0195 -0.0473 279.1068 280.0604
2.2500 608.2612 29.9240 4.8412 -1.1010 4.5010 9.0439 0.0000 0.0000 0.0000 -2.3445 2.0253 -0.0471 278.1412 279.2422
2.3500 600.6855 29.6790 3.8768 -1.2473 4.4951 8.5527 0.0000 0.0000 0.0000 -2.7000 2.0313 -0.0472 277.1768 278.4240
2.4500 593.5312 29.4196 2.9133 -1.4122 4.4889 8.0802 0.0000 0.0000 0.0000 -3.0690 2.0372 -0.0467 276.2133 277.6255
2.5500 586.4188 29.1497 1.9508 -1.5782 4.4822 7.6309 0.0000 0.0000 0.0000 -3.4395 2.0431 -0.0454 275.2508 276.8289
2.6500 579.3065 28.8688 0.9892 -1.7431 4.4752 7.2045 0.0000 0.0000 0.0000 -3.8105 2.0490 -0.0441 274.2892 276.0323
2.7500 572.1941 28.5768 0.0287 -1.9071 4.4678 6.7998 0.0000 0.0000 0.0000 -4.1818 2.0548 -0.0428 273.3286 275.2357
2.8500 565.0817 28.2725 -0.9308 -2.0700 4.4601 6.4159 0.0000 0.0000 0.0000 -4.5533 2.0606 -0.0417 272.3691 274.4391
2.9500 557.9693 27.9563 -1.8894 -2.2319 4.4519 6.0519 0.0000 0.0000 0.0000 -4.9254 2.0664 -0.0405 271.4106 273.6425
3.0500 550.8569 27.6257 -2.8469 -2.3929 4.4435 5.7067 0.0000 0.0000 0.0000 -5.4113 2.0721 -0.0395 270.4531 272.8460
3.1500 544.1754 27.2712 -3.8024 -2.6699 4.4338 5.3757 0.0000 0.0000 0.0000 -6.0290 2.0780 -0.0389 269.4976 272.1675
3.2500 537.5529 26.8897 -4.7563 -2.9615 4.4230 5.0618 0.0000 0.0000 0.0000 -6.6604 2.0841 -0.0388 268.5437 271.5053
3.3500 530.9304 26.4765 -5.7023 -3.2454 4.4086 4.7672 0.0000 0.0000 0.0000 -7.3434 2.0904 -0.0389 267.5977 270.8430
3.4500 524.3078 26.0302 -6.6927 -3.5735 4.4115 4.4725 0.0049 0.0000 0.0000 -7.8759 2.0969 -0.0389 266.6073 270.1808
3.5500 517.6854 25.5662 -7.4776 -3.6962 4.3315 4.2619 0.0795 0.0000 0.0000 -8.0392 2.1036 -0.0390 265.8224 269.5185
3.6500 511.0628 25.0934 -8.1122 -3.6685 4.1908 4.1084 0.1705 0.0000 0.0000 -8.0368 2.1106 -0.0390 265.1878 268.8563
3.7500 504.4403 24.6114 -8.7321 -3.6261 4.0437 3.9647 0.2987 0.0000 0.0000 -8.0356 2.1179 -0.0391 264.5679 268.1940
3.8500 497.9858 24.1194 -9.3568 -3.5853 3.8982 3.8228 0.4236 0.0000 0.0000 -8.0381 2.1254 -0.0390 263.9432 267.5284
3.9500 491.8734 23.6187 -9.9854 -3.5414 3.7540 3.6821 0.5462 0.0000 0.0000 -8.0478 2.1331 -0.0384 263.3146 266.8561
4.0500 485.7609 23.1102 -10.6201 -3.5038 3.6124 3.5443 0.6652 0.0000 0.0000 -8.0729 2.1410 -0.0374 262.6798 266.1837
4.1500 479.6484 22.5929 -11.2620 -3.4733 3.4737 3.4093 0.7802 0.0000 0.0000 -8.1142 2.1490 -0.0365 262.0380 265.5113
4.2500 473.5359 22.0654 -11.9110 -3.4500 3.3379 3.2772 0.8914 0.0000 0.0000 -8.1718 2.1572 -0.0355 261.3890 264.8390
4.3500 467.4235 21.5262 -12.5672 -3.4338 3.2050 3.1480 0.9985 0.0000 0.0000 -8.2456 2.1655 -0.0345 260.7328 264.1666
4.4500 461.3110 20.9739 -13.2304 -3.4247 3.0753 3.0217 1.1016 0.0000 0.0000 -8.3353 2.1741 -0.0335 260.0695 263.4942
4.5500 455.1985 20.4063 -13.9008 -3.4226 2.9486 2.8984 1.2005 0.0000 0.0000 -8.4289 2.1829 -0.0324 259.3992 262.8218
4.6500 449.1628 19.8246 -14.5776 -3.4171 2.8249 2.7778 1.2955 0.0000 0.0000 -8.4570 2.1919 -0.0313 258.7224 262.1395
4.7500 443.5637 19.2340 -15.2580 -3.3585 2.7029 2.6583 1.3886 0.0000 0.0000 -8.4299 2.2010 -0.0297 258.0420 261.4004
4.8500 437.9646 18.6356 -15.9446 -3.3059 2.5839 2.5422 1.4788 0.0000 0.0000 -8.4167 2.2100 -0.0279 257.3554 260.6613
4.9500 432.3655 18.0274 -16.6381 -3.2604 2.4682 2.4293 1.5655 0.0000 0.0000 -8.4183 2.2191 -0.0261 256.6619 259.9222
5.0500 426.7664 17.4071 -17.3386 -3.2218 2.3558 2.3197 1.6490 0.0000 0.0000 -8.4343 2.2281 -0.0243 255.9614 259.1832
5.1500 421.1673 16.7722 -18.0459 -3.1900 2.2466 2.2132 1.7290 0.0000 0.0000 -8.4649 2.2373 -0.0226 255.2541 258.4441
5.2500 415.5682 16.1196 -18.7601 -3.1651 2.1408 2.1099 1.8057 0.0000 0.0000 -8.5098 2.2464 -0.0210 254.5399 257.7050
5.3500 409.9691 15.4456 -19.4810 -3.1469 2.0383 2.0099 1.8789 0.0000 0.0000 -8.5690 2.2557 -0.0194 253.8190 256.9659
5.4500 404.3700 14.7461 -20.2085 -3.1353 1.9392 1.9131 1.9486 0.0000 0.0000 -8.6355 2.2650 -0.0178 253.0915 256.2268
5.5500 398.8857 14.0178 -20.9417 -3.1245 1.8430 1.8191 2.0152 0.0000 0.0000 -8.6856 2.2744 -0.0162 252.3583 255.4828
5.6500 393.8095 13.2591 -21.6786 -3.1000 1.7490 1.7270 2.0808 0.0000 0.0000 -8.7258 2.2835 -0.0143 251.6214 254.7214
5.7500 388.7334 12.4651 -22.4214 -3.0814 1.6582 1.6382 2.1444 0.0000 0.0000 -8.7791 2.2923 -0.0122 250.8786 253.9600
5.8500 383.6573 11.6252 -23.1704 -3.0690 1.5707 1.5527 2.2057 0.0000 0.0000 -8.8458 2.3009 -0.0103 250.1295 253.1986
5.9500 378.5811 10.7241 -23.9255 -3.0627 1.4864 1.4704 2.2646 0.0000 0.0000 -8.9252 2.3092 -0.0086 249.3745 252.4372
6.0500 373.5050 9.7385 -24.6862 -3.0620 1.4054 1.3914 2.3212 0.0000 0.0000 -9.0161 2.3173 -0.0069 248.6138 251.6757
6.1500 368.4288 8.6266 -25.4520 -3.0663 1.3276 1.3156 2.3752 0.0000 0.0000 -9.1141 2.3252 -0.0054 247.8480 250.9143
6.2500 363.3527 7.2550 -26.2203 -3.0732 1.2533 1.2432 2.4255 0.0000 0.0000 -9.1966 2.3332 -0.0040 247.0797 250.1529
6.3500 358.2766 5.3099 -26.9832 -3.0747 1.1905 1.1751 2.4502 0.0000 0.0000 -9.0372 2.3445 -0.0025 246.3167 249.3915
6.4500 353.2004 2.7937 -27.6011 -2.9311 1.1389 1.1255 2.3778 0.0000 0.0000 -8.0374 2.3743 -0.0011 245.6989 248.6301
6.5500 348.3249 0.6177 -27.7394 -2.3549 1.0520 1.1266 2.1485 0.0000 0.0000 -5.8774 2.4442 -0.0002 245.5606 247.9155
6.6500 343.7918 -0.3788 -27.4058 -1.3867 0.9139 1.1776 1.8210 0.0000 0.0000 -3.4022 2.5436 -0.0001 245.8942 247.2809
6.7500 339.2588 -0.4432 -27.2478 -0.5941 0.7777 1.2110 1.5029 0.0000 0.0000 -1.7077 2.6382 -0.0001 246.0522 246.6462
6.8500 334.7257 -0.2742 -27.4984 -0.2100 0.6647 1.1991 1.2420 0.0000 0.0000 -0.8923 2.7141 -0.0001 245.8015 246.0116
6.9500 330.1926 -0.1433 -27.9876 -0.0646 0.5700 1.1614 1.0301 0.0000 0.0000 -0.5431 2.7745 -0.0000 245.3124 245.3770
7.0500 325.6595 -0.0746 -28.5747 -0.0170 0.4877 1.1144 0.8530 0.0000 0.0000 -0.3845 2.8237 -0.0000 244.7253 244.7423
7.1500 321.1264 -0.0419 -29.1958 -0.0035 0.4155 1.0659 0.7020 0.0000 0.0000 -0.2966 2.8639 -0.0000 244.1042 244.1077
7.2500 316.5933 -0.0259 -29.8273 -0.0003 0.3522 1.0182 0.5726 0.0000 0.0000 -0.2361 2.8957 -0.0000 243.4727 243.4731
7.3500 312.0602 -0.0170 -30.4616 -0.0000 0.2973 0.9723 0.4621 0.0000 0.0000 -0.1894 2.9191 -0.0000 242.8384 242.8384
7.4500 307.5271 -0.0118 -31.0969 -0.0007 0.2502 0.9282 0.3685 0.0000 0.0000 -0.1552 2.9336 -0.0000 242.2030 242.2038
7.5500 302.9940 -0.0085 -31.7349 -0.0041 0.2102 0.8858 0.2903 0.0000 0.0000 -0.1297 2.9385 -0.0000 241.5651 241.5692
7.6500 298.6559 -0.0057 -32.3873 -0.0061 0.1766 0.8434 0.2256 0.0000 0.0000 -0.0988 2.9325 -0.0000 240.9127 240.9188
7.7500 294.6971 -0.0037 -33.0631 -0.0010 0.1488 0.8000 0.1729 0.0000 0.0000 -0.0691 2.9144 -0.0000 240.2369 240.2379
7.8500 290.7383 -0.0024 -33.7431 -0.0001 0.1259 0.7584 0.1305 0.0000 0.0000 -0.0506 2.8824 -0.0000 239.5569 239.5570
7.9500 286.7794 -0.0016 -34.4240 -0.0000 0.1072 0.7186 0.0967 0.0000 0.0000 -0.0369 2.8345 -0.0000 238.8760 238.8761
8.0500 282.8206 -0.0010 -35.1049 0.0000 0.0920 0.6808 0.0701 0.0000 0.0000 -0.0263 2.7679 -0.0000 238.1951 238.1951
8.1500 278.8618 -0.0006 -35.7858 0.0000 0.0798 0.6448 0.0493 0.0000 0.0000 -0.0180 2.6792 -0.0000 237.5142 237.5142
8.2500 274.9029 -0.0004 -36.4667 0.0000 0.0698 0.6105 0.0330 0.0000 0.0000 -0.0115 2.5639 -0.0000 236.8333 236.8333
8.3500 270.9441 -0.0002 -37.1476 0.0000 0.0614 0.5779 0.0201 0.0000 0.0000 -0.0064 2.4166 -0.0000 236.1524 236.1524
8.4500 266.9853 -0.0000 -37.8285 0.0000 0.0543 0.5469 0.0095 0.0000 0.0000 0.0000 2.2307 -0.0000 235.4715 235.4715
8.5500 263.0265 0.0000 -38.5094 0.0000 0.0477 0.5175 0.0000 0.0000 0.0000 0.0000 1.9978 0.0000 234.7905 234.7905
8.6500 259.0676 0.0000 -39.1904 0.0000 0.0463 0.4895 0.0000 0.0000 0.0000 0.0000 1.9990 0.0000 234.1096 234.1096
8.7500 255.1088 0.0000 -39.8713 0.0000 0.0449 0.4629 0.0000 0.0000 0.0000 0.0000 2.0002 0.0000 233.4287 233.4287
8.8500 251.1500 0.0000 -40.5522 0.0000 0.0435 0.4376 0.0000 0.0000 0.0000 0.0000 2.0014 0.0000 232.7478 232.7478
8.9500 247.5017 0.0000 -41.1897 0.0000 0.0432 0.4150 0.0000 0.0000 0.0000 0.0000 2.0026 0.0000 232.1103 232.1103
9.0500 243.9806 0.0000 -41.8094 0.0000 0.0432 0.3941 0.0000 0.0000 0.0000 0.0000 2.0038 0.0000 231.4906 231.4906
9.1500 240.4594 0.0000 -42.4291 0.0000 0.0431 0.3741 0.0000 0.0000 0.0000 0.0000 2.0050 0.0000 230.8708 230.8708
9.2500 236.9383 0.0000 -43.0489 0.0000 0.0429 0.3550 0.0000 0.0000 0.0000 0.0000 2.0062 0.0000 230.2511 230.2511
9.3500 233.4172 0.0000 -43.6686 0.0000 0.0426 0.3369 0.0000 0.0000 0.0000 0.0000 2.0074 0.0000 229.6314 229.6314
9.4500 229.8961 0.0000 -44.2883 0.0000 0.0422 0.3196 0.0000 0.0000 0.0000 0.0000 2.0086 0.0000 229.0117 229.0117
9.5500 226.3749 0.0000 -44.9080 0.0000 0.0418 0.3031 0.0000 0.0000 0.0000 0.0000 2.0098 0.0000 228.3920 228.3920
9.6500 223.0414 0.0000 -45.5652 0.0000 0.0421 0.2860 0.0000 0.0000 0.0000 0.0000 2.0110 0.0000 227.7348 227.7348
9.7500 219.8280 0.0000 -46.2465 0.0000 0.0427 0.2689 0.0000 0.0000 0.0000 0.0000 2.0122 0.0000 227.0535 227.0535
9.8500 216.6147 0.0000 -46.9277 0.0000 0.0430 0.2528 0.0000 0.0000 0.0000 0.0000 2.0134 0.0000 226.3723 226.3723
9.9500 213.4013 0.0000 -47.6089 0.0000 0.0432 0.2375 0.0000 0.0000 0.0000 0.0000 2.0146 0.0000 225.6911 225.6911
10.0500 210.1879 0.0000 -48.2902 0.0000 0.0431 0.2231 0.0000 0.0000 0.0000 0.0000 2.0158 0.0000 225.0098 225.0098
10.1500 206.9746 0.0000 -48.9714 0.0000 0.0429 0.2095 0.0000 0.0000 0.0000 0.0000 2.0170 0.0000 224.3286 224.3286
10.2500 203.7612 0.0000 -49.6526 0.0000 0.0426 0.1967 0.0000 0.0000 0.0000 0.0000 2.0182 0.0000 223.6474 223.6474
10.3500 200.5478 0.0000 -50.3339 0.0000 0.0421 0.1845 0.0000 0.0000 0.0000 0.0000 2.0194 0.0000 222.9661 222.9661
10.4500 197.5858 0.0000 -51.0777 0.0000 0.0408 0.1716 0.0000 0.0000 0.0000 0.0000 2.0206 0.0000 222.2223 222.2223
10.5500 194.6754 0.0000 -51.8344 0.0000 0.0393 0.1593 0.0000 0.0000 0.0000 0.0000 2.0218 0.0000 221.4656 221.4656
10.6500 191.7651 0.0000 -52.5911 0.0000 0.0379 0.1477 0.0000 0.0000 0.0000 0.0000 2.0230 0.0000 220.7089 220.7089
10.7500 188.8547 0.0000 -53.3478 0.0000 0.0364 0.1369 0.0000 0.0000 0.0000 0.0000 2.0242 0.0000 219.9522 219.9522
10.8500 185.9444 0.0000 -54.1045 0.0000 0.0349 0.1269 0.0000 0.0000 0.0000 0.0000 2.0254 0.0000 219.1955 219.1955
10.9500 183.0340 0.0000 -54.8612 0.0000 0.0334 0.1175 0.0000 0.0000 0.0000 0.0000 2.0266 0.0000 218.4388 218.4388
11.0500 180.1236 0.0000 -55.6179 0.0000 0.0319 0.1087 0.0000 0.0000 0.0000 0.0000 2.0278 0.0000 217.6821 217.6821
11.1500 177.2133 0.0000 -56.3745 0.0000 0.0305 0.1006 0.0000 0.0000 0.0000 0.0000 2.0290 0.0000 216.9254 216.9254
11.2500 174.3788 0.0000 -57.0916 0.0000 0.0291 0.0934 0.0000 0.0000 0.0000 0.0000 2.0302 0.0000 216.2084 216.2084
11.3500 171.7855 0.0000 -57.6829 0.0000 0.0280 0.0880 0.0000 0.0000 0.0000 0.0000 2.0314 0.0000 215.6171 215.6171
11.4500 169.1921 0.0000 -58.2742 0.0000 0.0268 0.0829 0.0000 0.0000 0.0000 0.0000 2.0326 0.0000 215.0258 215.0258
11.5500 166.5988 0.0000 -58.8655 0.0000 0.0258 0.0780 0.0000 0.0000 0.0000 0.0000 2.0338 0.0000 214.4345 214.4345
11.6500 164.0054 0.0000 -59.4568 0.0000 0.0247 0.0734 0.0000 0.0000 0.0000 0.0000 2.0350 0.0000 213.8432 213.8432
11.7500 161.4120 0.0000 -60.0480 0.0000 0.0237 0.0691 0.0000 0.0000 0.0000 0.0000 2.0362 0.0000 213.2519 213.2519
11.8500 158.8187 0.0000 -60.6393 0.0000 0.0227 0.0650 0.0000 0.0000 0.0000 0.0000 2.0374 0.0000 212.6606 212.6606
11.9500 156.2253 0.0000 -61.2306 0.0000 0.0217 0.0611 0.0000 0.0000 0.0000 0.0000 2.0386 0.0000 212.0694 212.0694
12.0500 153.6320 0.0000 -61.8219 0.0000 0.0208 0.0575 0.0000 0.0000 0.0000 0.0000 2.0398 0.0000 211.4781 211.4781
12.1500 151.0386 0.0000 -62.4132 0.0000 0.0199 0.0540 0.0000 0.0000 0.0000 0.0000 2.0410 0.0000 210.8868 210.8868
12.2500 148.6424 0.0000 -63.0410 0.0000 0.0192 0.0505 0.0000 0.0000 0.0000 0.0000 2.0422 0.0000 210.2590 210.2590
12.3500 146.3779 0.0000 -63.6932 0.0000 0.0187 0.0469 0.0000 0.0000 0.0000 0.0000 2.0434 0.0000 209.6068 209.6068
12.4500 144.1134 0.0000 -64.3453 0.0000 0.0181 0.0436 0.0000 0.0000 0.0000 0.0000 2.0446 0.0000 208.9547 208.9547
12.5500 141.8489 0.0000 -64.9975 0.0000 0.0175 0.0405 0.0000 0.0000 0.0000 0.0000 2.0458 0.0000 208.3025 208.3025
12.6500 139.5844 0.0000 -65.6497 0.0000 0.0169 0.0376 0.0000 0.0000 0.0000 0.0000 2.0470 0.0000 207.6503 207.6503
12.7500 137.3199 0.0000 -66.3018 0.0000 0.0163 0.0349 0.0000 0.0000 0.0000 0.0000 2.0482 0.0000 206.9981 206.9981
12.8500 135.0554 0.0000 -66.9540 0.0000 0.0157 0.0324 0.0000 0.0000 0.0000 0.0000 2.0494 0.0000 206.3460 206.3460
12.9500 132.7910 0.0000 -67.6062 0.0000 0.0150 0.0300 0.0000 0.0000 0.0000 0.0000 2.0506 0.0000 205.6938 205.6938
13.0500 130.5264 0.0000 -68.2584 0.0000 0.0144 0.0279 0.0000 0.0000 0.0000 0.0000 2.0518 0.0000 205.0416 205.0416
13.1500 128.2620 0.0000 -68.9106 0.0000 0.0138 0.0258 0.0000 0.0000 0.0000 0.0000 2.0530 0.0000 204.3894 204.3894
13.2500 125.9975 0.0000 -69.5627 0.0000 0.0132 0.0239 0.0000 0.0000 0.0000 0.0000 2.0542 0.0000 203.7373 203.7373
13.3500 123.9371 0.0000 -69.9818 0.0000 0.0128 0.0229 0.0000 0.0000 0.0000 0.0000 2.0554 0.0000 203.3182 203.3182
13.4500 122.0374 0.0000 -70.2174 0.0000 0.0126 0.0224 0.0000 0.0000 0.0000 0.0000 2.0566 0.0000 203.0826 203.0826
13.5500 120.1377 0.0000 -70.4529 0.0000 0.0124 0.0220 0.0000 0.0000 0.0000 0.0000 2.0578 0.0000 202.8471 202.8471
13.6500 118.2380 0.0000 -70.6885 0.0000 0.0122 0.0216 0.0000 0.0000 0.0000 0.0000 2.0590 0.0000 202.6115 202.6115
13.7500 116.3383 0.0000 -70.9240 0.0000 0.0119 0.0212 0.0000 0.0000 0.0000 0.0000 2.0602 0.0000 202.3759 202.3759
13.8500 114.4386 0.0000 -71.1596 0.0000 0.0117 0.0208 0.0000 0.0000 0.0000 0.0000 2.0614 0.0000 202.1404 202.1404
13.9500 112.5389 0.0000 -71.3952 0.0000 0.0115 0.0204 0.0000 0.0000 0.0000 0.0000 2.0626 0.0000 201.9048 201.9048
14.0500 110.6392 0.0000 -71.6307 0.0000 0.0114 0.0201 0.0000 0.0000 0.0000 0.0000 2.0638 0.0000 201.6693 201.6693
14.1500 108.7395 0.0000 -71.8663 0.0000 0.0112 0.0197 0.0000 0.0000 0.0000 0.0000 2.0650 0.0000 201.4337 201.4337
14.2500 106.8398 0.0000 -72.1019 0.0000 0.0110 0.0194 0.0000 0.0000 0.0000 0.0000 2.0662 0.0000 201.1981 201.1981
14.3500 104.9401 0.0000 -72.3374 0.0000 0.0108 0.0190 0.0000 0.0000 0.0000 0.0000 2.0674 0.0000 200.9626 200.9626
14.4500 103.0404 0.0000 -72.5730 0.0000 0.0106 0.0187 0.0000 0.0000 0.0000 0.0000 2.0686 0.0000 200.7270 200.7270
14.5500 101.1407 0.0000 -72.8085 0.0000 0.0105 0.0184 0.0000 0.0000 0.0000 0.0000 2.0698 0.0000 200.4914 200.4914
14.6500 99.4293 0.0000 -72.9024 0.0000 0.0104 0.0185 0.0000 0.0000 0.0000 0.0000 2.0710 0.0000 200.3976 200.3976
14.7500 98.0007 0.0000 -72.7834 0.0000 0.0103 0.0191 0.0000 0.0000 0.0000 0.0000 2.0722 0.0000 200.5166 200.5166
14.8500 96.5721 0.0000 -72.6643 0.0000 0.0103 0.0197 0.0000 0.0000 0.0000 0.0000 2.0734 0.0000 200.6357 200.6357
14.9500 95.1435 0.0000 -72.5453 0.0000 0.0102 0.0204 0.0000 0.0000 0.0000 0.0000 2.0746 0.0000 200.7547 200.7547
15.0500 93.7150 0.0000 -72.4262 0.0000 0.0101 0.0210 0.0000 0.0000 0.0000 0.0000 2.0758 0.0000 200.8737 200.8737
15.1500 92.2864 0.0000 -72.3072 0.0000 0.0101 0.0218 0.0000 0.0000 0.0000 0.0000 2.0770 0.0000 200.9928 200.9928
15.2500 90.8578 0.0000 -72.1882 0.0000 0.0099 0.0225 0.0000 0.0000 0.0000 0.0000 2.0782 0.0000 201.1118 201.1118
15.3500 89.4293 0.0000 -72.0691 0.0000 0.0098 0.0233 0.0000 0.0000 0.0000 0.0000 2.0794 0.0000 201.2309 201.2309
15.4500 88.0007 0.0000 -71.9501 0.0000 0.0097 0.0241 0.0000 0.0000 0.0000 0.0000 2.0806 0.0000 201.3499 201.3499
15.5500 86.5721 0.0000 -71.8310 0.0000 0.0095 0.0249 0.0000 0.0000 0.0000 0.0000 2.0818 0.0000 201.4690 201.4690
15.6500 85.1435 0.0000 -71.7120 0.0000 0.0093 0.0258 0.0000 0.0000 0.0000 0.0000 2.0830 0.0000 201.5880 201.5880
15.7500 83.7150 0.0000 -71.5929 0.0000 0.0091 0.0267 0.0000 0.0000 0.0000 0.0000 2.0842 0.0000 201.7071 201.7071
15.8500 82.2864 0.0000 -71.4739 0.0000 0.0089 0.0276 0.0000 0.0000 0.0000 0.0000 2.0854 0.0000 201.8261 201.8261
15.9500 80.8578 0.0000 -71.3548 0.0000 0.0086 0.0286 0.0000 0.0000 0.0000 0.0000 2.0866 0.0000 201.9452 201.9452
16.0500 79.4293 0.0000 -71.2358 0.0000 0.0084 0.0297 0.0000 0.0000 0.0000 0.0000 2.0878 0.0000 202.0642 202.0642
16.1500 78.0007 0.0000 -71.1167 0.0000 0.0081 0.0307 0.0000 0.0000 0.0000 0.0000 2.0890 0.0000 202.1833 202.1833
16.2500 76.5721 0.0000 -70.9977 0.0000 0.0077 0.0319 0.0000 0.0000 0.0000 0.0000 2.0902 0.0000 202.3023 202.3023
16.3500 75.1436 0.0000 -70.8786 0.0000 0.0073 0.0331 0.0000 0.0000 0.0000 0.0000 2.0914 0.0000 202.4214 202.4214
16.4500 73.7150 0.0000 -70.7596 0.0000 0.0069 0.0343 0.0000 0.0000 0.0000 0.0000 2.0926 0.0000 202.5404 202.5404
16.5500 72.2864 0.0000 -70.6405 0.0000 0.0065 0.0356 0.0000 0.0000 0.0000 0.0000 2.0938 0.0000 202.6595 202.6595
16.6500 70.8578 0.0000 -70.5215 0.0000 0.0060 0.0369 0.0000 0.0000 0.0000 0.0000 2.0950 0.0000 202.7785 202.7785
16.7500 69.6072 0.0000 -70.2929 0.0000 0.0057 0.0389 0.0000 0.0000 0.0000 0.0000 2.0962 0.0000 203.0071 203.0071
16.8500 68.6239 0.0000 -69.8996 0.0000 0.0059 0.0418 0.0000 0.0000 0.0000 0.0000 2.0974 0.0000 203.4004 203.4004
16.9500 67.6406 0.0000 -69.5062 0.0000 0.0060 0.0449 0.0000 0.0000 0.0000 0.0000 2.0986 0.0000 203.7937 203.7937
17.0500 66.6573 0.0000 -69.1129 0.0000 0.0061 0.0482 0.0000 0.0000 0.0000 0.0000 2.0998 0.0000 204.1871 204.1871
17.1500 65.6740 0.0000 -68.7196 0.0000 0.0062 0.0518 0.0000 0.0000 0.0000 0.0000 2.1010 0.0000 204.5804 204.5804
17.2500 64.6908 0.0000 -68.3263 0.0000 0.0063 0.0557 0.0000 0.0000 0.0000 0.0000 2.1022 0.0000 204.9737 204.9737
17.3500 63.7075 0.0000 -67.9330 0.0000 0.0063 0.0598 0.0000 0.0000 0.0000 0.0000 2.1034 0.0000 205.3670 205.3670
17.4500 62.7242 0.0000 -67.5397 0.0000 0.0064 0.0642 0.0000 0.0000 0.0000 0.0000 2.1046 0.0000 205.7603 205.7603
17.5500 61.7409 0.0000 -67.1463 0.0000 0.0064 0.0690 0.0000 0.0000 0.0000 0.0000 2.1058 0.0000 206.1536 206.1536
17.6500 60.7576 0.0000 -66.7530 0.0000 0.0063 0.0741 0.0000 0.0000 0.0000 0.0000 2.1070 0.0000 206.5470 206.5470
17.7500 59.7743 0.0000 -66.3597 0.0000 0.0062 0.0796 0.0000 0.0000 0.0000 0.0000 2.1082 0.0000 206.9403 206.9403
17.8500 58.7910 0.0000 -65.9664 0.0000 0.0061 0.0855 0.0000 0.0000 0.0000 0.0000 2.1094 0.0000 207.3336 207.3336
17.9500 57.8078 0.0000 -65.5731 0.0000 0.0059 0.0918 0.0000 0.0000 0.0000 0.0000 2.1106 0.0000 207.7269 207.7269
18.0500 56.8245 0.0000 -65.1798 0.0000 0.0057 0.0986 0.0000 0.0000 0.0000 0.0000 2.1118 0.0000 208.1202 208.1202
18.1500 55.8412 0.0000 -64.7865 0.0000 0.0054 0.1060 0.0000 0.0000 0.0000 0.0000 2.1130 0.0000 208.5135 208.5135
18.2500 54.8579 0.0000 -64.3932 0.0000 0.0050 0.1138 0.0000 0.0000 0.0000 0.0000 2.1142 0.0000 208.9068 208.9068
18.3500 53.8746 0.0000 -63.9998 0.0000 0.0045 0.1223 0.0000 0.0000 0.0000 0.0000 2.1154 0.0000 209.3001 209.3001
18.4500 52.8913 0.0000 -63.6065 0.0000 0.0040 0.1314 0.0000 0.0000 0.0000 0.0000 2.1166 0.0000 209.6935 209.6935
18.5500 51.9081 0.0000 -63.2132 0.0000 0.0033 0.1413 0.0000 0.0000 0.0000 0.0000 2.1178 0.0000 210.0868 210.0868
18.6500 50.9248 0.0000 -62.8199 0.0000 0.0025 0.1518 0.0000 0.0000 0.0000 0.0000 2.1190 0.0000 210.4801 210.4801
18.7500 49.9630 0.0000 -62.4370 0.0000 0.0016 0.1629 0.0000 0.0000 0.0000 0.0000 2.1202 0.0000 210.8629 210.8629
18.8500 49.3409 0.0000 -62.2193 0.0000 0.0017 0.1698 0.0000 0.0000 0.0000 0.0000 2.1214 0.0000 211.0807 211.0807
18.9500 48.7188 0.0000 -62.0016 0.0000 0.0018 0.1770 0.0000 0.0000 0.0000 0.0000 2.1226 0.0000 211.2984 211.2984
19.0500 48.0967 0.0000 -61.7838 0.0000 0.0018 0.1846 0.0000 0.0000 0.0000 0.0000 2.1238 0.0000 211.5161 211.5161
19.1500 47.4746 0.0000 -61.5661 0.0000 0.0019 0.1925 0.0000 0.0000 0.0000 0.0000 2.1250 0.0000 211.7339 211.7339
19.2500 46.8526 0.0000 -61.3484 0.0000 0.0020 0.2008 0.0000 0.0000 0.0000 0.0000 2.1262 0.0000 211.9516 211.9516
19.3500 46.2305 0.0000 -61.1307 0.0000 0.0021 0.2094 0.0000 0.0000 0.0000 0.0000 2.1274 0.0000 212.1693 212.1693
19.4500 45.6084 0.0000 -60.9129 0.0000 0.0022 0.2184 0.0000 0.0000 0.0000 0.0000 2.1286 0.0000 212.3871 212.3871
19.5500 44.9863 0.0000 -60.6952 0.0000 0.0023 0.2279 0.0000 0.0000 0.0000 0.0000 2.1298 0.0000 212.6048 212.6048
19.6500 44.3642 0.0000 -60.4775 0.0000 0.0024 0.2378 0.0000 0.0000 0.0000 0.0000 2.1310 0.0000 212.8225 212.8225
19.7500 43.7421 0.0000 -60.2598 0.0000 0.0025 0.2481 0.0000 0.0000 0.0000 0.0000 2.1322 0.0000 213.0402 213.0402
19.8500 43.1201 0.0000 -60.0420 0.0000 0.0026 0.2589 0.0000 0.0000 0.0000 0.0000 2.1334 0.0000 213.2580 213.2580
