height(km) press(hPa) W(M/S) T(C) T-TE(C) QV(g/kg) SAT(g/kg) QC(g/kg) QH(g/kg) QI(g/kg) "Buoy(1e-2 m/s2)" radius(m) dwdt_entr(unitless) plumeT(K) envT(K)
0.0000 794.9183 28.5432 28.1407 0.3206 3.6858 31.6067 0.0000 0.0000 0.0000 4.6226 1.2498 -0.0620 301.4407 301.1202
0.0500 790.6265 28.4419 27.3434 1.0898 3.6871 30.2737 0.0000 0.0000 0.0000 4.6226 1.2543 -0.0620 300.6434 299.5536
0.1500 782.0428 28.4826 26.3273 3.2067 3.6916 28.7682 0.0000 0.0000 0.0000 8.7853 1.2629 -0.0850 299.6273 296.4206
0.2500 773.4030 28.4284 25.2565 4.8470 3.6986 27.2404 0.0000 0.0000 0.0000 10.3312 1.2757 -0.1320 298.5565 293.7094
0.3500 764.5062 28.2288 24.1934 4.5669 3.7066 25.8079 0.0000 0.0000 0.0000 9.7225 1.2887 -0.1555 297.4934 292.9265
0.4500 755.6094 28.0074 23.1352 4.2916 3.7156 24.4514 0.0000 0.0000 0.0000 9.1423 1.3020 -0.1551 296.4352 292.1436
0.5500 746.8472 27.7671 22.0824 4.0288 3.7243 23.1632 0.0000 0.0000 0.0000 8.6171 1.3155 -0.1537 295.3824 291.3536
0.6500 738.3148 27.5178 21.0357 3.7841 3.7314 21.9379 0.0000 0.0000 0.0000 8.1296 1.3289 -0.1501 294.3357 290.5516
0.7500 729.7823 27.2660 19.9947 3.5452 3.7367 20.7787 0.0000 0.0000 0.0000 7.6517 1.3423 -0.1455 293.2947 289.7495
0.8500 721.2499 27.0112 18.9594 3.3119 3.7404 19.6820 0.0000 0.0000 0.0000 7.1830 1.3556 -0.1409 292.2593 288.9475
0.9500 712.7174 26.7544 17.9292 3.0838 3.7425 18.6439 0.0000 0.0000 0.0000 6.7228 1.3689 -0.1362 291.2292 288.1454
1.0500 704.1851 26.4944 16.9042 2.8608 3.7432 17.6610 0.0000 0.0000 0.0000 6.2528 1.3821 -0.1318 290.2042 287.3434
1.1500 695.8844 26.2303 15.8847 2.6216 3.7418 16.7252 0.0000 0.0000 0.0000 5.7551 1.3951 -0.1269 289.1847 286.5631
1.2500 687.8069 25.9658 14.8712 2.3674 3.7381 15.8350 0.0000 0.0000 0.0000 5.2470 1.4079 -0.1210 288.1712 285.8038
1.3500 679.7292 25.7033 13.8633 2.1188 3.7322 14.9929 0.0000 0.0000 0.0000 4.7456 1.4204 -0.1148 287.1633 285.0445
1.4500 671.6517 25.4419 12.8606 1.8754 3.7245 14.1960 0.0000 0.0000 0.0000 4.2503 1.4327 -0.1090 286.1606 284.2852
1.5500 663.5742 25.1805 11.8628 1.6368 3.7150 13.4415 0.0000 0.0000 0.0000 3.7605 1.4447 -0.1035 285.1628 283.5260
1.6500 655.4967 24.9182 10.8696 1.4029 3.7042 12.7270 0.0000 0.0000 0.0000 3.2770 1.4564 -0.0983 284.1696 282.7667
1.7500 647.5647 24.6542 9.8806 1.1741 3.6920 12.0472 0.0000 0.0000 0.0000 2.8016 1.4678 -0.0933 283.1805 282.0065
1.8500 639.9427 24.3873 8.8952 0.9510 3.6786 11.3973 0.0000 0.0000 0.0000 2.3324 1.4791 -0.0887 282.1952 281.2443
1.9500 632.3208 24.1165 7.9136 0.7315 3.6642 10.7815 0.0000 0.0000 0.0000 1.8667 1.4901 -0.0844 281.2136 280.4821
2.0500 624.6989 23.8406 6.9354 0.5155 3.6489 10.1979 0.0000 0.0000 0.0000 1.4042 1.5009 -0.0802 280.2354 279.7199
2.1500 617.0769 23.5590 5.9604 0.3027 3.6327 9.6448 0.0000 0.0000 0.0000 0.9444 1.5115 -0.0763 279.2604 278.9577
2.2500 609.4549 23.2705 4.9884 0.0929 3.6159 9.1205 0.0000 0.0000 0.0000 0.4872 1.5220 -0.0725 278.2884 278.1955
2.3500 601.8329 22.9746 4.0195 -0.1138 3.5985 8.6235 0.0000 0.0000 0.0000 0.0220 1.5322 -0.0689 277.3195 277.4333
2.4500 594.5750 22.6681 3.0533 -0.3325 3.5799 8.1473 0.0000 0.0000 0.0000 -0.4553 1.5424 -0.0659 276.3533 276.6858
2.5500 587.4320 22.3467 2.0902 -0.5527 3.5600 7.6948 0.0000 0.0000 0.0000 -0.9348 1.5526 -0.0636 275.3902 275.9429
2.6500 580.2892 22.0086 1.1300 -0.7701 3.5389 7.2663 0.0000 0.0000 0.0000 -1.4132 1.5628 -0.0614 274.4300 275.2001
2.7500 573.1463 21.6532 0.1729 -0.9843 3.5166 6.8606 0.0000 0.0000 0.0000 -1.8903 1.5730 -0.0592 273.4729 274.4572
2.8500 566.0035 21.2791 -0.7813 -1.1957 3.4932 6.4766 0.0000 0.0000 0.0000 -2.3658 1.5832 -0.0571 272.5187 273.7144
2.9500 558.8606 20.8865 -1.7325 -1.4041 3.4688 6.1132 0.0000 0.0000 0.0000 -2.8399 1.5935 -0.0550 271.5674 272.9715
3.0500 551.7178 20.4713 -2.6809 -1.6096 3.4437 5.7692 0.0000 0.0000 0.0000 -3.4224 1.6039 -0.0528 270.6191 272.2286
3.1500 544.9567 20.0203 -3.6245 -1.9105 3.4164 5.4406 0.0000 0.0000 0.0000 -4.1463 1.6145 -0.0514 269.6755 271.5860
3.2500 538.3166 19.5233 -4.5621 -2.2372 3.3867 5.1300 0.0000 0.0000 0.0000 -4.8982 1.6257 -0.0507 268.7379 270.9751
3.3500 531.6765 18.9764 -5.4932 -2.5574 3.3543 4.8376 0.0000 0.0000 0.0000 -5.6414 1.6373 -0.0500 267.8068 270.3642
3.4500 525.0364 18.3768 -6.4173 -2.8707 3.3193 4.5625 0.0000 0.0000 0.0000 -6.3747 1.6495 -0.0491 266.8827 269.7533
3.5500 518.3963 17.7209 -7.3341 -3.1765 3.2815 4.3039 0.0000 0.0000 0.0000 -7.0965 1.6624 -0.0479 265.9659 269.1425
3.6500 511.7562 17.0042 -8.2427 -3.4743 3.2408 4.0610 0.0000 0.0000 0.0000 -7.8047 1.6759 -0.0465 265.0573 268.5316
3.7500 505.1161 16.2209 -9.1425 -3.7632 3.1969 3.8330 0.0000 0.0000 0.0000 -8.4761 1.6903 -0.0448 264.1575 267.9207
3.8500 498.5954 15.3693 -10.0331 -4.0230 3.1500 3.6183 0.0000 0.0000 0.0000 -9.0390 1.7055 -0.0426 263.2668 267.2899
3.9500 492.4754 14.4527 -10.9178 -4.2100 3.1018 3.4133 0.0000 0.0000 0.0000 -9.5162 1.7213 -0.0395 262.3822 266.5922
4.0500 486.3555 13.4587 -11.7949 -4.3894 3.0519 3.2205 0.0000 0.0000 0.0000 -10.0071 1.7377 -0.0357 261.5051 265.8945
4.1500 480.2355 12.3776 -12.6879 -4.5847 3.0098 3.0336 0.0025 0.0000 0.0000 -10.3588 1.7551 -0.0318 260.6121 265.1968
4.2500 474.1156 11.2040 -13.4332 -4.6324 2.9097 2.8913 0.0345 0.0000 0.0000 -10.4965 1.7736 -0.0279 259.8668 264.4992
4.3500 467.9956 9.9050 -14.1229 -4.6244 2.7888 2.7676 0.0972 0.0000 0.0000 -10.5702 1.7938 -0.0238 259.1771 263.8015
4.4500 461.8756 8.3629 -14.8055 -4.6094 2.6674 2.6504 0.1541 0.0000 0.0000 -10.6160 1.8168 -0.0194 258.4944 263.1038
4.5500 455.7557 6.2518 -15.4805 -4.5867 2.5509 2.5393 0.1871 0.0000 0.0000 -10.5169 1.8493 -0.0139 257.8195 262.4062
4.6500 449.6660 3.4657 -16.0750 -4.4810 2.4368 2.4489 0.1478 0.0000 0.0000 -9.6038 1.9203 -0.0072 257.2249 261.7059
4.7500 444.0543 0.8598 -16.1412 -3.8064 2.2000 2.4662 0.0956 0.0000 0.0000 -7.3855 2.0681 -0.0015 257.1588 260.9652
4.8500 438.4427 -0.5416 -15.6991 -2.6235 1.8577 2.5922 0.0568 0.0000 0.0000 -4.5441 2.2668 -0.0008 257.6009 260.2244
4.9500 432.8310 -0.7324 -15.2622 -1.4459 1.5470 2.7236 0.0261 0.0000 0.0000 -2.1761 2.4406 -0.0008 258.0378 259.4837
5.0500 427.2193 -0.4422 -15.2170 -0.6600 1.3085 2.7699 0.0130 0.0000 0.0000 -0.7783 2.5602 -0.0004 258.0829 258.7430
5.1500 421.6076 -0.1823 -15.5731 -0.2753 1.1320 2.7247 0.0036 0.0000 0.0000 -0.1394 2.6382 -0.0001 257.7269 258.0022
5.2500 415.9959 -0.0465 -16.1451 -0.1066 0.9876 2.6324 0.0002 0.0000 0.0000 0.1064 2.6888 -0.0000 257.1548 257.2615
5.3500 410.3843 0.0038 -16.8193 -0.0400 0.8632 2.5211 0.0000 0.0000 0.0000 0.1679 2.7198 -0.0000 256.4807 256.5207
5.4500 404.7726 0.0146 -17.5421 -0.0221 0.7551 2.4043 0.0000 0.0000 0.0000 0.1475 2.7349 -0.0000 255.7579 255.7800
5.5500 399.2387 0.0144 -18.2965 -0.0247 0.6599 2.2857 0.0000 0.0000 0.0000 0.1330 2.7364 -0.0000 255.0035 255.0282
5.6500 394.1470 0.0126 -19.0932 -0.0067 0.5759 2.1621 0.0000 0.0000 0.0000 0.1335 2.7259 -0.0000 254.2068 254.2135
5.7500 389.0554 0.0098 -19.9029 -0.0017 0.5019 2.0422 0.0000 0.0000 0.0000 0.1163 2.7036 -0.0000 253.3971 253.3988
5.8500 383.9638 0.0072 -20.7162 -0.0004 0.4369 1.9277 0.0000 0.0000 0.0000 0.0964 2.6696 -0.0000 252.5838 252.5842
5.9500 378.8721 0.0052 -21.5306 -0.0001 0.3800 1.8188 0.0000 0.0000 0.0000 0.0780 2.6234 -0.0000 251.7694 251.7695
6.0500 373.7805 0.0037 -22.3451 -0.0000 0.3304 1.7155 0.0000 0.0000 0.0000 0.0620 2.5642 -0.0000 250.9548 250.9549
6.1500 368.6888 0.0026 -23.1598 0.0000 0.2872 1.6174 0.0000 0.0000 0.0000 0.0485 2.4908 -0.0000 250.1402 250.1402
6.2500 363.5972 0.0019 -23.9742 0.0002 0.2496 1.5244 0.0000 0.0000 0.0000 0.0383 2.4014 -0.0000 249.3257 249.3255
6.3500 358.5055 0.0017 -24.7879 0.0013 0.2169 1.4364 0.0000 0.0000 0.0000 0.0378 2.2936 -0.0000 248.5121 248.5109
6.4500 353.4138 0.0017 -25.5964 0.0074 0.1882 1.3536 0.0000 0.0000 0.0000 0.0433 2.1646 -0.0000 247.7036 247.6962
6.5500 348.4981 0.0011 -26.3726 0.0117 0.1628 1.2783 0.0000 0.0000 0.0000 0.0295 2.0105 -0.0000 246.9274 246.9157
6.6500 343.9402 0.0004 -27.0936 0.0017 0.1399 1.2117 0.0000 0.0000 0.0000 0.0094 1.8259 -0.0000 246.2064 246.2047
6.7500 339.3823 0.0000 -27.8061 0.0002 0.1189 1.1492 0.0000 0.0000 0.0000 0.0000 1.6030 -0.0000 245.4939 245.4936
6.8500 334.8245 0.0000 -28.5174 0.0000 0.0991 1.0897 0.0000 0.0000 0.0000 0.0000 1.3320 0.0000 244.7826 244.7826
6.9500 330.2665 0.0000 -29.2284 0.0000 0.0911 1.0331 0.0000 0.0000 0.0000 0.0000 1.3332 0.0000 244.0716 244.0716
7.0500 325.7086 0.0000 -29.9395 0.0000 0.0836 0.9792 0.0000 0.0000 0.0000 0.0000 1.3344 0.0000 243.3605 243.3605
7.1500 321.1508 0.0000 -30.6505 0.0000 0.0767 0.9278 0.0000 0.0000 0.0000 0.0000 1.3356 0.0000 242.6495 242.6495
7.2500 316.5929 0.0000 -31.3615 0.0000 0.0703 0.8789 0.0000 0.0000 0.0000 0.0000 1.3368 0.0000 241.9385 241.9385
7.3500 312.0350 0.0000 -32.0725 0.0000 0.0643 0.8323 0.0000 0.0000 0.0000 0.0000 1.3380 0.0000 241.2274 241.2274
7.4500 307.4771 0.0000 -32.7836 0.0000 0.0587 0.7881 0.0000 0.0000 0.0000 0.0000 1.3392 0.0000 240.5164 240.5164
7.5500 302.9193 0.0000 -33.4946 0.0000 0.0535 0.7459 0.0000 0.0000 0.0000 0.0000 1.3404 0.0000 239.8054 239.8054
7.6500 298.5722 0.0000 -34.1556 0.0000 0.0500 0.7089 0.0000 0.0000 0.0000 0.0000 1.3416 0.0000 239.1444 239.1444
7.7500 294.6008 0.0000 -34.7275 0.0000 0.0490 0.6787 0.0000 0.0000 0.0000 0.0000 1.3428 0.0000 238.5725 238.5725
7.8500 290.6294 0.0000 -35.2994 0.0000 0.0479 0.6497 0.0000 0.0000 0.0000 0.0000 1.3440 0.0000 238.0006 238.0006
7.9500 286.6580 0.0000 -35.8712 0.0000 0.0468 0.6219 0.0000 0.0000 0.0000 0.0000 1.3452 0.0000 237.4287 237.4287
8.0500 282.6866 0.0000 -36.4431 0.0000 0.0458 0.5951 0.0000 0.0000 0.0000 0.0000 1.3464 0.0000 236.8569 236.8569
8.1500 278.7152 0.0000 -37.0150 0.0000 0.0447 0.5695 0.0000 0.0000 0.0000 0.0000 1.3476 0.0000 236.2850 236.2850
8.2500 274.7438 0.0000 -37.5869 0.0000 0.0436 0.5449 0.0000 0.0000 0.0000 0.0000 1.3488 0.0000 235.7131 235.7131
8.3500 270.7724 0.0000 -38.1588 0.0000 0.0426 0.5212 0.0000 0.0000 0.0000 0.0000 1.3500 0.0000 235.1412 235.1412
8.4500 266.8010 0.0000 -38.7307 0.0000 0.0415 0.4986 0.0000 0.0000 0.0000 0.0000 1.3512 0.0000 234.5693 234.5693
8.5500 262.8296 0.0000 -39.3025 0.0000 0.0405 0.4769 0.0000 0.0000 0.0000 0.0000 1.3524 0.0000 233.9975 233.9975
8.6500 258.8582 0.0000 -39.8744 0.0000 0.0394 0.4560 0.0000 0.0000 0.0000 0.0000 1.3536 0.0000 233.4256 233.4256
8.7500 254.8867 0.0000 -40.4463 0.0000 0.0384 0.4361 0.0000 0.0000 0.0000 0.0000 1.3548 0.0000 232.8537 232.8537
8.8500 250.9153 0.0000 -41.0182 0.0000 0.0374 0.4169 0.0000 0.0000 0.0000 0.0000 1.3560 0.0000 232.2818 232.2818
8.9500 247.2866 0.0000 -41.6710 0.0000 0.0381 0.3946 0.0000 0.0000 0.0000 0.0000 1.3572 0.0000 231.6290 231.6290
9.0500 243.7605 0.0000 -42.3480 0.0000 0.0391 0.3722 0.0000 0.0000 0.0000 0.0000 1.3584 0.0000 230.9520 230.9520
9.1500 240.2344 0.0000 -43.0250 0.0000 0.0398 0.3511 0.0000 0.0000 0.0000 0.0000 1.3596 0.0000 230.2750 230.2750
9.2500 236.7083 0.0000 -43.7020 0.0000 0.0403 0.3310 0.0000 0.0000 0.0000 0.0000 1.3608 0.0000 229.5980 229.5980
9.3500 233.1822 0.0000 -44.3790 0.0000 0.0407 0.3120 0.0000 0.0000 0.0000 0.0000 1.3620 0.0000 228.9210 228.9210
9.4500 229.6561 0.0000 -45.0560 0.0000 0.0408 0.2939 0.0000 0.0000 0.0000 0.0000 1.3632 0.0000 228.2440 228.2440
9.5500 226.1301 0.0000 -45.7330 0.0000 0.0408 0.2769 0.0000 0.0000 0.0000 0.0000 1.3644 0.0000 227.5670 227.5670
9.6500 222.8080 0.0000 -46.3709 0.0000 0.0409 0.2617 0.0000 0.0000 0.0000 0.0000 1.3656 0.0000 226.9291 226.9291
9.7500 219.5822 0.0000 -46.9902 0.0000 0.0409 0.2476 0.0000 0.0000 0.0000 0.0000 1.3668 0.0000 226.3098 226.3098
9.8500 216.3564 0.0000 -47.6096 0.0000 0.0408 0.2343 0.0000 0.0000 0.0000 0.0000 1.3680 0.0000 225.6904 225.6904
9.9500 213.1306 0.0000 -48.2289 0.0000 0.0406 0.2216 0.0000 0.0000 0.0000 0.0000 1.3692 0.0000 225.0711 225.0711
10.0500 209.9048 0.0000 -48.8483 0.0000 0.0403 0.2095 0.0000 0.0000 0.0000 0.0000 1.3704 0.0000 224.4517 224.4517
10.1500 206.6790 0.0000 -49.4676 0.0000 0.0399 0.1981 0.0000 0.0000 0.0000 0.0000 1.3716 0.0000 223.8324 223.8324
10.2500 203.4532 0.0000 -50.0870 0.0000 0.0394 0.1872 0.0000 0.0000 0.0000 0.0000 1.3728 0.0000 223.2130 223.2130
10.3500 200.2274 0.0000 -50.7063 0.0000 0.0388 0.1769 0.0000 0.0000 0.0000 0.0000 1.3740 0.0000 222.5936 222.5936
10.4500 197.2979 0.0000 -51.2904 0.0000 0.0376 0.1676 0.0000 0.0000 0.0000 0.0000 1.3752 0.0000 222.0096 222.0096
10.5500 194.3909 0.0000 -51.8718 0.0000 0.0364 0.1588 0.0000 0.0000 0.0000 0.0000 1.3764 0.0000 221.4282 221.4282
10.6500 191.4839 0.0000 -52.4532 0.0000 0.0351 0.1504 0.0000 0.0000 0.0000 0.0000 1.3776 0.0000 220.8468 220.8468
10.7500 188.5770 0.0000 -53.0346 0.0000 0.0339 0.1424 0.0000 0.0000 0.0000 0.0000 1.3788 0.0000 220.2654 220.2654
10.8500 185.6700 0.0000 -53.6160 0.0000 0.0328 0.1348 0.0000 0.0000 0.0000 0.0000 1.3800 0.0000 219.6840 219.6840
10.9500 182.7630 0.0000 -54.1974 0.0000 0.0316 0.1276 0.0000 0.0000 0.0000 0.0000 1.3812 0.0000 219.1026 219.1026
11.0500 179.8560 0.0000 -54.7788 0.0000 0.0305 0.1208 0.0000 0.0000 0.0000 0.0000 1.3824 0.0000 218.5212 218.5212
11.1500 176.9491 0.0000 -55.3602 0.0000 0.0294 0.1143 0.0000 0.0000 0.0000 0.0000 1.3836 0.0000 217.9398 217.9398
11.2500 174.1481 0.0000 -55.9681 0.0000 0.0282 0.1077 0.0000 0.0000 0.0000 0.0000 1.3848 0.0000 217.3319 217.3319
11.3500 171.5628 0.0000 -56.6299 0.0000 0.0270 0.1006 0.0000 0.0000 0.0000 0.0000 1.3860 0.0000 216.6701 216.6701
11.4500 168.9775 0.0000 -57.2918 0.0000 0.0258 0.0940 0.0000 0.0000 0.0000 0.0000 1.3872 0.0000 216.0082 216.0082
11.5500 166.3921 0.0000 -57.9536 0.0000 0.0246 0.0878 0.0000 0.0000 0.0000 0.0000 1.3884 0.0000 215.3464 215.3464
11.6500 163.8068 0.0000 -58.6154 0.0000 0.0235 0.0819 0.0000 0.0000 0.0000 0.0000 1.3896 0.0000 214.6845 214.6845
11.7500 161.2215 0.0000 -59.2773 0.0000 0.0224 0.0765 0.0000 0.0000 0.0000 0.0000 1.3908 0.0000 214.0227 214.0227
11.8500 158.6362 0.0000 -59.9391 0.0000 0.0213 0.0713 0.0000 0.0000 0.0000 0.0000 1.3920 0.0000 213.3609 213.3609
11.9500 156.0509 0.0000 -60.6010 0.0000 0.0203 0.0665 0.0000 0.0000 0.0000 0.0000 1.3932 0.0000 212.6990 212.6990
12.0500 153.4656 0.0000 -61.2628 0.0000 0.0193 0.0620 0.0000 0.0000 0.0000 0.0000 1.3944 0.0000 212.0372 212.0372
12.1500 150.8802 0.0000 -61.9247 0.0000 0.0184 0.0577 0.0000 0.0000 0.0000 0.0000 1.3956 0.0000 211.3753 211.3753
12.2500 148.5133 0.0000 -62.5247 0.0000 0.0176 0.0542 0.0000 0.0000 0.0000 0.0000 1.3968 0.0000 210.7753 210.7753
12.3500 146.2590 0.0000 -63.0927 0.0000 0.0169 0.0509 0.0000 0.0000 0.0000 0.0000 1.3980 0.0000 210.2073 210.2073
12.4500 144.0047 0.0000 -63.6608 0.0000 0.0163 0.0479 0.0000 0.0000 0.0000 0.0000 1.3992 0.0000 209.6392 209.6392
12.5500 141.7504 0.0000 -64.2289 0.0000 0.0156 0.0451 0.0000 0.0000 0.0000 0.0000 1.4004 0.0000 209.0711 209.0711
12.6500 139.4961 0.0000 -64.7970 0.0000 0.0150 0.0424 0.0000 0.0000 0.0000 0.0000 1.4016 0.0000 208.5030 208.5030
12.7500 137.2418 0.0000 -65.3651 0.0000 0.0144 0.0398 0.0000 0.0000 0.0000 0.0000 1.4028 0.0000 207.9349 207.9349
12.8500 134.9875 0.0000 -65.9331 0.0000 0.0138 0.0374 0.0000 0.0000 0.0000 0.0000 1.4040 0.0000 207.3669 207.3669
12.9500 132.7333 0.0000 -66.5012 0.0000 0.0132 0.0351 0.0000 0.0000 0.0000 0.0000 1.4052 0.0000 206.7988 206.7988
13.0500 130.4790 0.0000 -67.0693 0.0000 0.0126 0.0330 0.0000 0.0000 0.0000 0.0000 1.4064 0.0000 206.2307 206.2307
13.1500 128.2247 0.0000 -67.6374 0.0000 0.0121 0.0310 0.0000 0.0000 0.0000 0.0000 1.4076 0.0000 205.6626 205.6626
13.2500 125.9704 0.0000 -68.2054 0.0000 0.0115 0.0291 0.0000 0.0000 0.0000 0.0000 1.4088 0.0000 205.0945 205.0945
13.3500 123.9254 0.0000 -68.5961 0.0000 0.0112 0.0279 0.0000 0.0000 0.0000 0.0000 1.4100 0.0000 204.7038 204.7038
13.4500 122.0387 0.0000 -68.8527 0.0000 0.0111 0.0274 0.0000 0.0000 0.0000 0.0000 1.4112 0.0000 204.4473 204.4473
13.5500 120.1519 0.0000 -69.1093 0.0000 0.0110 0.0268 0.0000 0.0000 0.0000 0.0000 1.4124 0.0000 204.1906 204.1906
13.6500 118.2651 0.0000 -69.3660 0.0000 0.0108 0.0262 0.0000 0.0000 0.0000 0.0000 1.4136 0.0000 203.9340 203.9340
13.7500 116.3783 0.0000 -69.6226 0.0000 0.0107 0.0257 0.0000 0.0000 0.0000 0.0000 1.4148 0.0000 203.6774 203.6774
13.8500 114.4915 0.0000 -69.8792 0.0000 0.0106 0.0251 0.0000 0.0000 0.0000 0.0000 1.4160 0.0000 203.4208 203.4208
13.9500 112.6047 0.0000 -70.1358 0.0000 0.0105 0.0246 0.0000 0.0000 0.0000 0.0000 1.4172 0.0000 203.1642 203.1642
14.0500 110.7179 0.0000 -70.3924 0.0000 0.0103 0.0241 0.0000 0.0000 0.0000 0.0000 1.4184 0.0000 202.9076 202.9076
14.1500 108.8311 0.0000 -70.6490 0.0000 0.0102 0.0236 0.0000 0.0000 0.0000 0.0000 1.4196 0.0000 202.6510 202.6510
14.2500 106.9443 0.0000 -70.9056 0.0000 0.0101 0.0231 0.0000 0.0000 0.0000 0.0000 1.4208 0.0000 202.3944 202.3944
14.3500 105.0575 0.0000 -71.1622 0.0000 0.0100 0.0227 0.0000 0.0000 0.0000 0.0000 1.4220 0.0000 202.1378 202.1378
14.4500 103.1707 0.0000 -71.4188 0.0000 0.0099 0.0222 0.0000 0.0000 0.0000 0.0000 1.4232 0.0000 201.8812 201.8812
14.5500 101.2839 0.0000 -71.6754 0.0000 0.0097 0.0218 0.0000 0.0000 0.0000 0.0000 1.4244 0.0000 201.6246 201.6246
14.6500 99.5455 0.0000 -71.7970 0.0000 0.0097 0.0218 0.0000 0.0000 0.0000 0.0000 1.4256 0.0000 201.5030 201.5030
14.7500 98.1230 0.0000 -71.6310 0.0000 0.0097 0.0226 0.0000 0.0000 0.0000 0.0000 1.4268 0.0000 201.6690 201.6690
14.8500 96.7005 0.0000 -71.4651 0.0000 0.0097 0.0235 0.0000 0.0000 0.0000 0.0000 1.4280 0.0000 201.8349 201.8349
14.9500 95.2781 0.0000 -71.2991 0.0000 0.0097 0.0245 0.0000 0.0000 0.0000 0.0000 1.4292 0.0000 202.0009 202.0009
15.0500 93.8556 0.0000 -71.1331 0.0000 0.0097 0.0255 0.0000 0.0000 0.0000 0.0000 1.4304 0.0000 202.1668 202.1668
15.1500 92.4331 0.0000 -70.9672 0.0000 0.0097 0.0265 0.0000 0.0000 0.0000 0.0000 1.4316 0.0000 202.3328 202.3328
15.2500 91.0107 0.0000 -70.8012 0.0000 0.0096 0.0276 0.0000 0.0000 0.0000 0.0000 1.4328 0.0000 202.4987 202.4987
15.3500 89.5882 0.0000 -70.6353 0.0000 0.0095 0.0287 0.0000 0.0000 0.0000 0.0000 1.4340 0.0000 202.6647 202.6647
15.4500 88.1657 0.0000 -70.4693 0.0000 0.0095 0.0299 0.0000 0.0000 0.0000 0.0000 1.4352 0.0000 202.8307 202.8307
15.5500 86.7432 0.0000 -70.3034 0.0000 0.0093 0.0312 0.0000 0.0000 0.0000 0.0000 1.4364 0.0000 202.9966 202.9966
15.6500 85.3207 0.0000 -70.1374 0.0000 0.0092 0.0325 0.0000 0.0000 0.0000 0.0000 1.4376 0.0000 203.1626 203.1626
15.7500 83.8983 0.0000 -69.9715 0.0000 0.0090 0.0338 0.0000 0.0000 0.0000 0.0000 1.4388 0.0000 203.3285 203.3285
15.8500 82.4758 0.0000 -69.8055 0.0000 0.0089 0.0352 0.0000 0.0000 0.0000 0.0000 1.4400 0.0000 203.4945 203.4945
15.9500 81.0533 0.0000 -69.6395 0.0000 0.0086 0.0367 0.0000 0.0000 0.0000 0.0000 1.4412 0.0000 203.6604 203.6604
16.0500 79.6309 0.0000 -69.4736 0.0000 0.0084 0.0383 0.0000 0.0000 0.0000 0.0000 1.4424 0.0000 203.8264 203.8264
16.1500 78.2084 0.0000 -69.3076 0.0000 0.0081 0.0400 0.0000 0.0000 0.0000 0.0000 1.4436 0.0000 203.9924 203.9924
16.2500 76.7859 0.0000 -69.1417 0.0000 0.0078 0.0417 0.0000 0.0000 0.0000 0.0000 1.4448 0.0000 204.1583 204.1583
16.3500 75.3634 0.0000 -68.9757 0.0000 0.0074 0.0435 0.0000 0.0000 0.0000 0.0000 1.4460 0.0000 204.3243 204.3243
16.4500 73.9409 0.0000 -68.8098 0.0000 0.0070 0.0454 0.0000 0.0000 0.0000 0.0000 1.4472 0.0000 204.4902 204.4902
16.5500 72.5185 0.0000 -68.6438 0.0000 0.0066 0.0474 0.0000 0.0000 0.0000 0.0000 1.4484 0.0000 204.6562 204.6562
16.6500 71.0960 0.0000 -68.4779 0.0000 0.0061 0.0496 0.0000 0.0000 0.0000 0.0000 1.4496 0.0000 204.8221 204.8221
16.7500 69.7757 0.0000 -68.2782 0.0000 0.0057 0.0520 0.0000 0.0000 0.0000 0.0000 1.4508 0.0000 205.0218 205.0218
16.8500 68.7981 0.0000 -67.9654 0.0000 0.0058 0.0551 0.0000 0.0000 0.0000 0.0000 1.4520 0.0000 205.3346 205.3346
16.9500 67.8206 0.0000 -67.6526 0.0000 0.0059 0.0584 0.0000 0.0000 0.0000 0.0000 1.4532 0.0000 205.6474 205.6474
17.0500 66.8431 0.0000 -67.3398 0.0000 0.0059 0.0620 0.0000 0.0000 0.0000 0.0000 1.4544 0.0000 205.9602 205.9602
17.1500 65.8656 0.0000 -67.0270 0.0000 0.0060 0.0658 0.0000 0.0000 0.0000 0.0000 1.4556 0.0000 206.2730 206.2730
17.2500 64.8881 0.0000 -66.7142 0.0000 0.0061 0.0698 0.0000 0.0000 0.0000 0.0000 1.4568 0.0000 206.5858 206.5858
17.3500 63.9106 0.0000 -66.4014 0.0000 0.0061 0.0740 0.0000 0.0000 0.0000 0.0000 1.4580 0.0000 206.8986 206.8986
17.4500 62.9330 0.0000 -66.0886 0.0000 0.0061 0.0785 0.0000 0.0000 0.0000 0.0000 1.4592 0.0000 207.2114 207.2114
17.5500 61.9555 0.0000 -65.7758 0.0000 0.0061 0.0833 0.0000 0.0000 0.0000 0.0000 1.4604 0.0000 207.5242 207.5242
17.6500 60.9780 0.0000 -65.4630 0.0000 0.0061 0.0884 0.0000 0.0000 0.0000 0.0000 1.4616 0.0000 207.8370 207.8370
17.7500 60.0005 0.0000 -65.1501 0.0000 0.0061 0.0938 0.0000 0.0000 0.0000 0.0000 1.4628 0.0000 208.1498 208.1498
17.8500 59.0230 0.0000 -64.8373 0.0000 0.0060 0.0996 0.0000 0.0000 0.0000 0.0000 1.4640 0.0000 208.4626 208.4626
17.9500 58.0454 0.0000 -64.5245 0.0000 0.0059 0.1057 0.0000 0.0000 0.0000 0.0000 1.4652 0.0000 208.7755 208.7755
18.0500 57.0679 0.0000 -64.2117 0.0000 0.0058 0.1122 0.0000 0.0000 0.0000 0.0000 1.4664 0.0000 209.0883 209.0883
18.1500 56.0904 0.0000 -63.8989 0.0000 0.0056 0.1191 0.0000 0.0000 0.0000 0.0000 1.4676 0.0000 209.4011 209.4011
18.2500 55.1129 0.0000 -63.5861 0.0000 0.0054 0.1265 0.0000 0.0000 0.0000 0.0000 1.4688 0.0000 209.7139 209.7139
18.3500 54.1354 0.0000 -63.2733 0.0000 0.0052 0.1343 0.0000 0.0000 0.0000 0.0000 1.4700 0.0000 210.0267 210.0267
18.4500 53.1579 0.0000 -62.9605 0.0000 0.0049 0.1427 0.0000 0.0000 0.0000 0.0000 1.4712 0.0000 210.3395 210.3395
18.5500 52.1803 0.0000 -62.6477 0.0000 0.0045 0.1516 0.0000 0.0000 0.0000 0.0000 1.4724 0.0000 210.6523 210.6523
18.6500 51.2028 0.0000 -62.3349 0.0000 0.0041 0.1611 0.0000 0.0000 0.0000 0.0000 1.4736 0.0000 210.9651 210.9651
18.7500 50.2253 0.0000 -62.0221 0.0000 0.0036 0.1713 0.0000 0.0000 0.0000 0.0000 1.4748 0.0000 211.2779 211.2779
18.8500 49.5206 0.0000 -61.7894 0.0000 0.0035 0.1792 0.0000 0.0000 0.0000 0.0000 1.4760 0.0000 211.5106 211.5106
18.9500 48.8975 0.0000 -61.5807 0.0000 0.0035 0.1865 0.0000 0.0000 0.0000 0.0000 1.4772 0.0000 211.7193 211.7193
19.0500 48.2745 0.0000 -61.3719 0.0000 0.0036 0.1942 0.0000 0.0000 0.0000 0.0000 1.4784 0.0000 211.9281 211.9281
19.1500 47.6514 0.0000 -61.1632 0.0000 0.0036 0.2023 0.0000 0.0000 0.0000 0.0000 1.4796 0.0000 212.1368 212.1368
19.2500 47.0283 0.0000 -60.9545 0.0000 0.0036 0.2107 0.0000 0.0000 0.0000 0.0000 1.4808 0.0000 212.3455 212.3455
19.3500 46.4053 0.0000 -60.7458 0.0000 0.0036 0.2195 0.0000 0.0000 0.0000 0.0000 1.4820 0.0000 212.5542 212.5542
19.4500 45.7822 0.0000 -60.5370 0.0000 0.0037 0.2286 0.0000 0.0000 0.0000 0.0000 1.4832 0.0000 212.7629 212.7629
19.5500 45.1592 0.0000 -60.3283 0.0000 0.0037 0.2382 0.0000 0.0000 0.0000 0.0000 1.4844 0.0000 212.9717 212.9717
19.6500 44.5361 0.0000 -60.1196 0.0000 0.0037 0.2482 0.0000 0.0000 0.0000 0.0000 1.4856 0.0000 213.1804 213.1804
19.7500 43.9131 0.0000 -59.9109 0.0000 0.0037 0.2586 0.0000 0.0000 0.0000 0.0000 1.4868 0.0000 213.3891 213.3891
19.8500 43.2900 0.0000 -59.7021 0.0000 0.0037 0.2696 0.0000 0.0000 0.0000 0.0000 1.4880 0.0000 213.5978 213.5978
