height(km) press(hPa) W(M/S) T(C) T-TE(C) QV(g/kg) SAT(g/kg) QC(g/kg) QH(g/kg) QI(g/kg) "Buoy(1e-2 m/s2)" radius(m) dwdt_entr(unitless) plumeT(K) envT(K)
0.0000 853.9150 26.4625 31.7415 0.3255 4.3290 36.4351 0.0000 0.0000 0.0000 2.1301 1.0705 -0.0875 305.0415 304.7160
0.0500 848.2039 26.2242 30.9377 1.2171 4.3350 34.9675 0.0000 0.0000 0.0000 2.1301 1.0768 -0.0875 304.2377 303.0207
0.1500 838.5885 25.9388 29.9548 0.9265 4.3406 33.3560 0.0000 0.0000 0.0000 1.5691 1.0845 -0.0909 303.2548 302.3284
0.2500 828.9731 25.6378 28.9763 0.6402 4.3441 31.8214 0.0000 0.0000 0.0000 0.9492 1.0922 -0.0881 302.2763 301.6361
0.3500 819.5261 25.3187 28.0026 0.3029 4.3458 30.3542 0.0000 0.0000 0.0000 0.2273 1.0998 -0.0852 301.3026 300.9997
0.4500 810.1978 24.9709 27.0344 -0.0682 4.3461 28.9544 0.0000 0.0000 0.0000 -0.5323 1.1075 -0.0825 300.3344 300.4026
0.5500 800.8694 24.6108 26.0719 -0.4337 4.3450 27.6233 0.0000 0.0000 0.0000 -0.8102 1.1152 -0.0797 299.3719 299.8056
0.6500 791.8453 24.2620 25.1082 -0.3632 4.3422 26.3359 0.0000 0.0000 0.0000 -0.5622 1.1231 -0.0785 298.4082 298.7714
0.7500 782.8525 23.9197 24.1430 -0.2493 4.3375 25.0997 0.0000 0.0000 0.0000 -0.2779 1.1314 -0.0790 297.4430 297.6923
0.8500 773.8839 23.5792 23.1762 -0.1443 4.3309 23.9132 0.0000 0.0000 0.0000 -0.0774 1.1400 -0.0793 296.4762 296.6205
0.9500 765.0811 23.2417 22.2086 -0.0908 4.3239 22.7714 0.0000 0.0000 0.0000 0.0519 1.1487 -0.0783 295.5086 295.5994
1.0500 756.2782 22.9140 21.2400 -0.0383 4.3163 21.6778 0.0000 0.0000 0.0000 0.1295 1.1575 -0.0763 294.5399 294.5783
1.1500 747.5695 22.5873 20.2711 -0.0310 4.3083 20.6287 0.0000 0.0000 0.0000 0.0243 1.1664 -0.0745 293.5711 293.6021
1.2500 739.0949 22.2542 19.3037 -0.1339 4.3005 19.6211 0.0000 0.0000 0.0000 -0.2090 1.1753 -0.0724 292.6037 292.7377
1.3500 730.6204 21.9152 18.3380 -0.2353 4.2928 18.6599 0.0000 0.0000 0.0000 -0.4369 1.1843 -0.0704 291.6380 291.8733
1.4500 722.1459 21.5691 17.3739 -0.3350 4.2851 17.7431 0.0000 0.0000 0.0000 -0.6596 1.1934 -0.0685 290.6739 291.0089
1.5500 713.6712 21.2150 16.4115 -0.4330 4.2772 16.8689 0.0000 0.0000 0.0000 -0.8771 1.2027 -0.0669 289.7115 290.1445
1.6500 705.1967 20.8515 15.4508 -0.5293 4.2690 16.0352 0.0000 0.0000 0.0000 -1.1092 1.2122 -0.0655 288.7508 289.2801
1.7500 696.8907 20.4749 14.4922 -0.6407 4.2604 15.2370 0.0000 0.0000 0.0000 -1.3862 1.2219 -0.0641 287.7921 288.4329
1.8500 688.8522 20.0823 13.5360 -0.7769 4.2513 14.4712 0.0000 0.0000 0.0000 -1.6884 1.2318 -0.0629 286.8360 287.6129
1.9500 680.8135 19.6728 12.5826 -0.9104 4.2416 13.7425 0.0000 0.0000 0.0000 -1.9847 1.2421 -0.0616 285.8825 286.7930
2.0500 672.7750 19.2453 11.6319 -1.0412 4.2312 13.0491 0.0000 0.0000 0.0000 -2.2750 1.2526 -0.0604 284.9319 285.9730
2.1500 664.7363 18.7989 10.6842 -1.1689 4.2200 12.3897 0.0000 0.0000 0.0000 -2.5591 1.2635 -0.0593 283.9842 285.1531
2.2500 656.6978 18.3328 9.7396 -1.2936 4.2079 11.7627 0.0000 0.0000 0.0000 -2.8299 1.2748 -0.0580 283.0396 284.3332
2.3500 648.7344 17.8475 8.7982 -1.4126 4.1946 11.1653 0.0000 0.0000 0.0000 -3.0560 1.2865 -0.0567 282.0982 283.5108
2.4500 641.1472 17.3482 7.8590 -1.5172 4.1785 10.5904 0.0000 0.0000 0.0000 -3.2477 1.2984 -0.0546 281.1590 282.6762
2.5500 633.5599 16.8377 6.9221 -1.6195 4.1595 10.0437 0.0000 0.0000 0.0000 -3.4392 1.3105 -0.0521 280.2221 281.8416
2.6500 625.9727 16.3145 5.9877 -1.7193 4.1378 9.5239 0.0000 0.0000 0.0000 -3.6302 1.3230 -0.0496 279.2877 281.0070
2.7500 618.3855 15.7769 5.0558 -1.8167 4.1135 9.0297 0.0000 0.0000 0.0000 -3.8202 1.3357 -0.0471 278.3557 280.1724
2.8500 610.7982 15.2235 4.1266 -1.9113 4.0865 8.5602 0.0000 0.0000 0.0000 -4.0088 1.3487 -0.0447 277.4265 279.3378
2.9500 603.2109 14.6511 3.2002 -2.0030 4.0571 8.1142 0.0000 0.0000 0.0000 -4.2161 1.3622 -0.0424 276.5002 278.5032
3.0500 595.8918 14.0552 2.2772 -2.1291 4.0231 7.6874 0.0000 0.0000 0.0000 -4.4596 1.3760 -0.0398 275.5772 277.7063
3.1500 588.7693 13.4334 1.3579 -2.2791 3.9833 7.2802 0.0000 0.0000 0.0000 -4.7213 1.3900 -0.0370 274.6579 276.9371
3.2500 581.6467 12.7823 0.4428 -2.4250 3.9378 6.8943 0.0000 0.0000 0.0000 -4.9854 1.4044 -0.0340 273.7428 276.1678
3.3500 574.5242 12.0960 -0.4678 -2.5665 3.8868 6.5289 0.0000 0.0000 0.0000 -5.2504 1.4192 -0.0312 272.8322 275.3986
3.4500 567.4017 11.3670 -1.3735 -2.7029 3.8304 6.1832 0.0000 0.0000 0.0000 -5.5143 1.4345 -0.0284 271.9265 274.6294
3.5500 560.2792 10.5856 -2.2735 -2.8337 3.7683 5.8562 0.0000 0.0000 0.0000 -5.7746 1.4505 -0.0255 271.0265 273.8601
3.6500 553.1567 9.7358 -3.1667 -2.9577 3.7003 5.5477 0.0000 0.0000 0.0000 -6.0398 1.4674 -0.0227 270.1332 273.0909
3.7500 546.2979 8.7911 -4.0520 -3.0652 3.6284 5.2543 0.0000 0.0000 0.0000 -6.3102 1.4853 -0.0197 269.2480 272.3131
3.8500 539.6489 7.6992 -4.9258 -3.1543 3.5529 4.9772 0.0000 0.0000 0.0000 -6.5502 1.5051 -0.0165 268.3742 271.5286
3.9500 533.0000 6.3460 -5.7745 -3.2185 3.4679 4.7223 0.0000 0.0000 0.0000 -6.6814 1.5292 -0.0130 267.5255 270.7440
4.0500 526.3511 4.6090 -6.5520 -3.2115 3.3545 4.5038 0.0000 0.0000 0.0000 -6.5259 1.5676 -0.0089 266.7480 269.9594
4.1500 519.7021 2.6379 -7.1494 -3.0242 3.1741 4.3552 0.0000 0.0000 0.0000 -5.8278 1.6425 -0.0046 266.1506 269.1749
4.2500 513.0532 0.9690 -7.4573 -2.5476 2.9011 4.3075 0.0000 0.0000 0.0000 -4.5067 1.7710 -0.0015 265.8427 268.3903
4.3500 506.4043 0.0395 -7.5246 -1.8304 2.5737 4.3415 0.0000 0.0000 0.0000 -2.8164 1.9340 -0.0000 265.7754 267.6057
4.4500 499.7742 -0.2234 -7.5273 -1.0521 2.2608 4.3986 0.0000 0.0000 0.0000 -1.3447 2.0930 -0.0002 265.7726 266.8247
4.5500 493.6393 -0.1624 -7.6923 -0.5299 1.9951 4.3966 0.0000 0.0000 0.0000 -0.4421 2.2274 -0.0001 265.6077 266.1376
4.6500 487.5043 -0.0560 -8.0846 -0.2351 1.7741 4.3176 0.0000 0.0000 0.0000 0.0102 2.3366 -0.0000 265.2154 265.4505
4.7500 481.3693 0.0062 -8.6315 -0.0949 1.5857 4.1890 0.0000 0.0000 0.0000 0.1858 2.4252 -0.0000 264.6685 264.7634
4.8500 475.2344 0.0270 -9.2594 -0.0356 1.4211 4.0381 0.0000 0.0000 0.0000 0.2259 2.4965 -0.0000 264.0406 264.0763
4.9500 469.0994 0.0272 -9.9239 -0.0130 1.2756 3.8809 0.0000 0.0000 0.0000 0.2095 2.5516 -0.0000 263.3761 263.3891
5.0500 462.9644 0.0208 -10.6036 -0.0057 1.1466 3.7248 0.0000 0.0000 0.0000 0.1717 2.5899 -0.0000 262.6964 262.7020
5.1500 456.8295 0.0135 -11.2907 -0.0056 1.0324 3.5724 0.0000 0.0000 0.0000 0.1193 2.6100 -0.0000 262.0093 262.0149
5.2500 450.6945 0.0089 -11.9870 -0.0148 0.9316 3.4231 0.0000 0.0000 0.0000 0.0889 2.6098 -0.0000 261.3130 261.3278
5.3500 445.0180 0.0069 -12.7128 -0.0052 0.8430 3.2683 0.0000 0.0000 0.0000 0.0847 2.5860 -0.0000 260.5872 260.5924
5.4500 439.4000 0.0052 -13.4504 -0.0013 0.7647 3.1164 0.0000 0.0000 0.0000 0.0735 2.5407 -0.0000 259.8495 259.8508
5.5500 433.7820 0.0039 -14.1911 -0.0003 0.6950 2.9702 0.0000 0.0000 0.0000 0.0602 2.4753 -0.0000 259.1089 259.1092
5.6500 428.1641 0.0028 -14.9324 -0.0001 0.6327 2.8300 0.0000 0.0000 0.0000 0.0478 2.3909 -0.0000 258.3676 258.3676
5.7500 422.5461 0.0019 -15.6740 -0.0000 0.5766 2.6958 0.0000 0.0000 0.0000 0.0369 2.2873 -0.0000 257.6260 257.6261
5.8500 416.9281 0.0013 -16.4155 -0.0000 0.5257 2.5674 0.0000 0.0000 0.0000 0.0272 2.1638 -0.0000 256.8845 256.8845
5.9500 411.3101 0.0007 -17.1573 -0.0002 0.4793 2.4445 0.0000 0.0000 0.0000 0.0169 2.0186 -0.0000 256.1427 256.1429
6.0500 405.6921 -0.0000 -17.9001 -0.0015 0.4365 2.3267 0.0000 0.0000 0.0000 -0.0017 1.8490 -0.0000 255.3999 255.4014
6.1500 400.0742 -0.0002 -18.6490 -0.0088 0.3963 2.2130 0.0000 0.0000 0.0000 -0.0071 1.6512 -0.0000 254.6510 254.6598
6.2500 394.9602 -0.0000 -19.4376 -0.0014 0.3579 2.0944 0.0000 0.0000 0.0000 0.0000 1.4201 -0.0000 253.8624 253.8638
6.3500 389.8529 0.0000 -20.2329 0.0000 0.3206 1.9803 0.0000 0.0000 0.0000 0.0000 1.1467 0.0000 253.0670 253.0670
6.4500 384.7457 0.0000 -21.0297 0.0000 0.2953 1.8717 0.0000 0.0000 0.0000 0.0000 1.1479 0.0000 252.2703 252.2703
6.5500 379.6384 0.0000 -21.8264 0.0000 0.2718 1.7684 0.0000 0.0000 0.0000 0.0000 1.1491 0.0000 251.4736 251.4736
6.6500 374.5311 0.0000 -22.6231 0.0000 0.2499 1.6702 0.0000 0.0000 0.0000 0.0000 1.1503 0.0000 250.6768 250.6768
6.7500 369.4240 0.0000 -23.4199 0.0000 0.2295 1.5770 0.0000 0.0000 0.0000 0.0000 1.1515 0.0000 249.8801 249.8801
6.8500 364.3167 0.0000 -24.2166 0.0000 0.2106 1.4885 0.0000 0.0000 0.0000 0.0000 1.1527 0.0000 249.0834 249.0834
6.9500 359.2094 0.0000 -25.0133 0.0000 0.1929 1.4045 0.0000 0.0000 0.0000 0.0000 1.1539 0.0000 248.2867 248.2867
7.0500 354.1022 0.0000 -25.8101 0.0000 0.1766 1.3248 0.0000 0.0000 0.0000 0.0000 1.1551 0.0000 247.4899 247.4899
7.1500 349.1046 0.0000 -26.5664 0.0000 0.1618 1.2534 0.0000 0.0000 0.0000 0.0000 1.1563 0.0000 246.7336 246.7336
7.2500 344.5551 0.0000 -27.1578 0.0000 0.1498 1.2023 0.0000 0.0000 0.0000 0.0000 1.1575 0.0000 246.1422 246.1422
7.3500 340.0055 0.0000 -27.7493 0.0000 0.1384 1.1532 0.0000 0.0000 0.0000 0.0000 1.1587 0.0000 245.5507 245.5507
7.4500 335.4559 0.0000 -28.3407 0.0000 0.1277 1.1059 0.0000 0.0000 0.0000 0.0000 1.1599 0.0000 244.9593 244.9593
7.5500 330.9063 0.0000 -28.9322 0.0000 0.1176 1.0604 0.0000 0.0000 0.0000 0.0000 1.1611 0.0000 244.3678 244.3678
7.6500 326.3567 0.0000 -29.5236 0.0000 0.1081 1.0167 0.0000 0.0000 0.0000 0.0000 1.1623 0.0000 243.7764 243.7764
7.7500 321.8071 0.0000 -30.1151 0.0000 0.0992 0.9746 0.0000 0.0000 0.0000 0.0000 1.1635 0.0000 243.1849 243.1849
7.8500 317.2575 0.0000 -30.7065 0.0000 0.0909 0.9342 0.0000 0.0000 0.0000 0.0000 1.1647 0.0000 242.5935 242.5935
7.9500 312.7079 0.0000 -31.2980 0.0000 0.0830 0.8953 0.0000 0.0000 0.0000 0.0000 1.1659 0.0000 242.0020 242.0020
8.0500 308.1584 0.0000 -31.8894 0.0000 0.0756 0.8580 0.0000 0.0000 0.0000 0.0000 1.1671 0.0000 241.4106 241.4106
8.1500 303.6088 0.0000 -32.4809 0.0000 0.0687 0.8221 0.0000 0.0000 0.0000 0.0000 1.1683 0.0000 240.8191 240.8191
8.2500 299.1781 0.0000 -33.0979 0.0000 0.0632 0.7853 0.0000 0.0000 0.0000 0.0000 1.1695 0.0000 240.2020 240.2020
8.3500 295.2035 0.0000 -33.8134 0.0000 0.0615 0.7417 0.0000 0.0000 0.0000 0.0000 1.1707 0.0000 239.4866 239.4866
8.4500 291.2290 0.0000 -34.5288 0.0000 0.0597 0.7003 0.0000 0.0000 0.0000 0.0000 1.1719 0.0000 238.7712 238.7712
8.5500 287.2544 0.0000 -35.2442 0.0000 0.0579 0.6610 0.0000 0.0000 0.0000 0.0000 1.1731 0.0000 238.0558 238.0558
8.6500 283.2798 0.0000 -35.9596 0.0000 0.0562 0.6237 0.0000 0.0000 0.0000 0.0000 1.1743 0.0000 237.3404 237.3404
8.7500 279.3053 0.0000 -36.6750 0.0000 0.0544 0.5883 0.0000 0.0000 0.0000 0.0000 1.1755 0.0000 236.6249 236.6249
8.8500 275.3307 0.0000 -37.3905 0.0000 0.0526 0.5548 0.0000 0.0000 0.0000 0.0000 1.1767 0.0000 235.9095 235.9095
8.9500 271.3561 0.0000 -38.1059 0.0000 0.0508 0.5230 0.0000 0.0000 0.0000 0.0000 1.1779 0.0000 235.1941 235.1941
9.0500 267.3816 0.0000 -38.8213 0.0000 0.0491 0.4928 0.0000 0.0000 0.0000 0.0000 1.1791 0.0000 234.4787 234.4787
9.1500 263.4070 0.0000 -39.5367 0.0000 0.0473 0.4643 0.0000 0.0000 0.0000 0.0000 1.1803 0.0000 233.7632 233.7632
9.2500 259.4324 0.0000 -40.2522 0.0000 0.0456 0.4373 0.0000 0.0000 0.0000 0.0000 1.1815 0.0000 233.0478 233.0478
9.3500 255.4579 0.0000 -40.9676 0.0000 0.0439 0.4117 0.0000 0.0000 0.0000 0.0000 1.1827 0.0000 232.3324 232.3324
9.4500 251.4833 0.0000 -41.6830 0.0000 0.0423 0.3875 0.0000 0.0000 0.0000 0.0000 1.1839 0.0000 231.6170 231.6170
9.5500 247.7805 0.0000 -42.3495 0.0000 0.0419 0.3661 0.0000 0.0000 0.0000 0.0000 1.1851 0.0000 230.9505 230.9505
9.6500 244.2394 0.0000 -42.9869 0.0000 0.0421 0.3467 0.0000 0.0000 0.0000 0.0000 1.1863 0.0000 230.3131 230.3131
9.7500 240.6983 0.0000 -43.6243 0.0000 0.0422 0.3283 0.0000 0.0000 0.0000 0.0000 1.1875 0.0000 229.6757 229.6757
9.8500 237.1572 0.0000 -44.2617 0.0000 0.0422 0.3107 0.0000 0.0000 0.0000 0.0000 1.1887 0.0000 229.0383 229.0383
9.9500 233.6162 0.0000 -44.8991 0.0000 0.0420 0.2940 0.0000 0.0000 0.0000 0.0000 1.1899 0.0000 228.4009 228.4009
10.0500 230.0751 0.0000 -45.5365 0.0000 0.0417 0.2782 0.0000 0.0000 0.0000 0.0000 1.1911 0.0000 227.7635 227.7635
10.1500 226.5340 0.0000 -46.1739 0.0000 0.0413 0.2631 0.0000 0.0000 0.0000 0.0000 1.1923 0.0000 227.1261 227.1261
10.2500 223.1669 0.0000 -46.8313 0.0000 0.0410 0.2480 0.0000 0.0000 0.0000 0.0000 1.1935 0.0000 226.4687 226.4687
10.3500 219.9327 0.0000 -47.5040 0.0000 0.0406 0.2332 0.0000 0.0000 0.0000 0.0000 1.1947 0.0000 225.7960 225.7960
10.4500 216.6986 0.0000 -48.1767 0.0000 0.0402 0.2192 0.0000 0.0000 0.0000 0.0000 1.1959 0.0000 225.1233 225.1233
10.5500 213.4644 0.0000 -48.8494 0.0000 0.0396 0.2060 0.0000 0.0000 0.0000 0.0000 1.1971 0.0000 224.4506 224.4506
10.6500 210.2303 0.0000 -49.5221 0.0000 0.0390 0.1935 0.0000 0.0000 0.0000 0.0000 1.1983 0.0000 223.7779 223.7779
10.7500 206.9961 0.0000 -50.1948 0.0000 0.0382 0.1817 0.0000 0.0000 0.0000 0.0000 1.1995 0.0000 223.1052 223.1052
10.8500 203.7620 0.0000 -50.8675 0.0000 0.0374 0.1706 0.0000 0.0000 0.0000 0.0000 1.2007 0.0000 222.4325 222.4325
10.9500 200.5278 0.0000 -51.5402 0.0000 0.0366 0.1601 0.0000 0.0000 0.0000 0.0000 1.2019 0.0000 221.7598 221.7598
11.0500 197.5561 0.0000 -52.1486 0.0000 0.0357 0.1512 0.0000 0.0000 0.0000 0.0000 1.2031 0.0000 221.1514 221.1514
11.1500 194.6355 0.0000 -52.7444 0.0000 0.0347 0.1429 0.0000 0.0000 0.0000 0.0000 1.2043 0.0000 220.5556 220.5556
11.2500 191.7150 0.0000 -53.3401 0.0000 0.0337 0.1350 0.0000 0.0000 0.0000 0.0000 1.2055 0.0000 219.9598 219.9598
11.3500 188.7944 0.0000 -53.9359 0.0000 0.0328 0.1275 0.0000 0.0000 0.0000 0.0000 1.2067 0.0000 219.3640 219.3640
11.4500 185.8739 0.0000 -54.5317 0.0000 0.0318 0.1204 0.0000 0.0000 0.0000 0.0000 1.2079 0.0000 218.7682 218.7682
11.5500 182.9533 0.0000 -55.1275 0.0000 0.0308 0.1137 0.0000 0.0000 0.0000 0.0000 1.2091 0.0000 218.1725 218.1725
11.6500 180.0327 0.0000 -55.7233 0.0000 0.0298 0.1074 0.0000 0.0000 0.0000 0.0000 1.2103 0.0000 217.5767 217.5767
11.7500 177.1122 0.0000 -56.3191 0.0000 0.0289 0.1013 0.0000 0.0000 0.0000 0.0000 1.2115 0.0000 216.9809 216.9809
11.8500 174.2822 0.0000 -56.9223 0.0000 0.0279 0.0955 0.0000 0.0000 0.0000 0.0000 1.2127 0.0000 216.3777 216.3777
11.9500 171.6888 0.0000 -57.5447 0.0000 0.0268 0.0896 0.0000 0.0000 0.0000 0.0000 1.2139 0.0000 215.7553 215.7553
12.0500 169.0955 0.0000 -58.1671 0.0000 0.0258 0.0841 0.0000 0.0000 0.0000 0.0000 1.2151 0.0000 215.1329 215.1329
12.1500 166.5021 0.0000 -58.7895 0.0000 0.0247 0.0788 0.0000 0.0000 0.0000 0.0000 1.2163 0.0000 214.5105 214.5105
12.2500 163.9087 0.0000 -59.4119 0.0000 0.0237 0.0739 0.0000 0.0000 0.0000 0.0000 1.2175 0.0000 213.8881 213.8881
12.3500 161.3154 0.0000 -60.0343 0.0000 0.0227 0.0693 0.0000 0.0000 0.0000 0.0000 1.2187 0.0000 213.2657 213.2657
12.4500 158.7220 0.0000 -60.6567 0.0000 0.0218 0.0649 0.0000 0.0000 0.0000 0.0000 1.2199 0.0000 212.6433 212.6433
12.5500 156.1287 0.0000 -61.2791 0.0000 0.0208 0.0608 0.0000 0.0000 0.0000 0.0000 1.2211 0.0000 212.0209 212.0209
12.6500 153.5353 0.0000 -61.9015 0.0000 0.0199 0.0569 0.0000 0.0000 0.0000 0.0000 1.2223 0.0000 211.3985 211.3985
12.7500 150.9419 0.0000 -62.5239 0.0000 0.0190 0.0533 0.0000 0.0000 0.0000 0.0000 1.2235 0.0000 210.7760 210.7760
12.8500 148.5658 0.0000 -63.0483 0.0000 0.0182 0.0505 0.0000 0.0000 0.0000 0.0000 1.2247 0.0000 210.2517 210.2517
12.9500 146.3135 0.0000 -63.5168 0.0000 0.0175 0.0481 0.0000 0.0000 0.0000 0.0000 1.2259 0.0000 209.7832 209.7832
13.0500 144.0613 0.0000 -63.9853 0.0000 0.0167 0.0458 0.0000 0.0000 0.0000 0.0000 1.2271 0.0000 209.3147 209.3147
13.1500 141.8090 0.0000 -64.4537 0.0000 0.0160 0.0437 0.0000 0.0000 0.0000 0.0000 1.2283 0.0000 208.8463 208.8463
13.2500 139.5568 0.0000 -64.9222 0.0000 0.0153 0.0416 0.0000 0.0000 0.0000 0.0000 1.2295 0.0000 208.3778 208.3778
13.3500 137.3045 0.0000 -65.3907 0.0000 0.0147 0.0396 0.0000 0.0000 0.0000 0.0000 1.2307 0.0000 207.9093 207.9093
13.4500 135.0523 0.0000 -65.8591 0.0000 0.0140 0.0378 0.0000 0.0000 0.0000 0.0000 1.2319 0.0000 207.4409 207.4409
13.5500 132.8000 0.0000 -66.3276 0.0000 0.0134 0.0360 0.0000 0.0000 0.0000 0.0000 1.2331 0.0000 206.9724 206.9724
13.6500 130.5478 0.0000 -66.7961 0.0000 0.0129 0.0343 0.0000 0.0000 0.0000 0.0000 1.2343 0.0000 206.5039 206.5039
13.7500 128.2955 0.0000 -67.2645 0.0000 0.0123 0.0326 0.0000 0.0000 0.0000 0.0000 1.2355 0.0000 206.0355 206.0355
13.8500 126.0433 0.0000 -67.7330 0.0000 0.0118 0.0311 0.0000 0.0000 0.0000 0.0000 1.2367 0.0000 205.5670 205.5670
13.9500 123.9895 0.0000 -68.0713 0.0000 0.0115 0.0301 0.0000 0.0000 0.0000 0.0000 1.2379 0.0000 205.2287 205.2287
14.0500 122.1069 0.0000 -68.2972 0.0000 0.0113 0.0296 0.0000 0.0000 0.0000 0.0000 1.2391 0.0000 205.0028 205.0028
14.1500 120.2244 0.0000 -68.5231 0.0000 0.0111 0.0291 0.0000 0.0000 0.0000 0.0000 1.2403 0.0000 204.7769 204.7769
14.2500 118.3419 0.0000 -68.7490 0.0000 0.0110 0.0286 0.0000 0.0000 0.0000 0.0000 1.2415 0.0000 204.5510 204.5510
14.3500 116.4594 0.0000 -68.9749 0.0000 0.0108 0.0282 0.0000 0.0000 0.0000 0.0000 1.2427 0.0000 204.3251 204.3251
14.4500 114.5768 0.0000 -69.2008 0.0000 0.0106 0.0277 0.0000 0.0000 0.0000 0.0000 1.2439 0.0000 204.0992 204.0992
14.5500 112.6943 0.0000 -69.4267 0.0000 0.0105 0.0273 0.0000 0.0000 0.0000 0.0000 1.2451 0.0000 203.8733 203.8733
14.6500 110.8118 0.0000 -69.6526 0.0000 0.0103 0.0268 0.0000 0.0000 0.0000 0.0000 1.2463 0.0000 203.6474 203.6474
14.7500 108.9292 0.0000 -69.8785 0.0000 0.0102 0.0264 0.0000 0.0000 0.0000 0.0000 1.2475 0.0000 203.4215 203.4215
14.8500 107.0467 0.0000 -70.1044 0.0000 0.0101 0.0260 0.0000 0.0000 0.0000 0.0000 1.2487 0.0000 203.1956 203.1956
14.9500 105.1642 0.0000 -70.3303 0.0000 0.0099 0.0256 0.0000 0.0000 0.0000 0.0000 1.2499 0.0000 202.9697 202.9697
15.0500 103.2816 0.0000 -70.5562 0.0000 0.0098 0.0252 0.0000 0.0000 0.0000 0.0000 1.2511 0.0000 202.7438 202.7438
15.1500 101.3991 0.0000 -70.7821 0.0000 0.0097 0.0248 0.0000 0.0000 0.0000 0.0000 1.2523 0.0000 202.5179 202.5179
15.2500 99.6349 0.0000 -70.9317 0.0000 0.0096 0.0247 0.0000 0.0000 0.0000 0.0000 1.2535 0.0000 202.3682 202.3682
15.3500 98.2131 0.0000 -70.8607 0.0000 0.0095 0.0254 0.0000 0.0000 0.0000 0.0000 1.2547 0.0000 202.4393 202.4393
15.4500 96.7913 0.0000 -70.7896 0.0000 0.0095 0.0260 0.0000 0.0000 0.0000 0.0000 1.2559 0.0000 202.5104 202.5104
15.5500 95.3695 0.0000 -70.7185 0.0000 0.0095 0.0267 0.0000 0.0000 0.0000 0.0000 1.2571 0.0000 202.5815 202.5815
15.6500 93.9477 0.0000 -70.6474 0.0000 0.0094 0.0274 0.0000 0.0000 0.0000 0.0000 1.2583 0.0000 202.6526 202.6526
15.7500 92.5259 0.0000 -70.5763 0.0000 0.0093 0.0281 0.0000 0.0000 0.0000 0.0000 1.2595 0.0000 202.7237 202.7237
15.8500 91.1041 0.0000 -70.5052 0.0000 0.0093 0.0288 0.0000 0.0000 0.0000 0.0000 1.2607 0.0000 202.7948 202.7948
15.9500 89.6823 0.0000 -70.4341 0.0000 0.0092 0.0296 0.0000 0.0000 0.0000 0.0000 1.2619 0.0000 202.8659 202.8659
16.0500 88.2605 0.0000 -70.3630 0.0000 0.0091 0.0304 0.0000 0.0000 0.0000 0.0000 1.2631 0.0000 202.9370 202.9370
16.1500 86.8387 0.0000 -70.2919 0.0000 0.0090 0.0312 0.0000 0.0000 0.0000 0.0000 1.2643 0.0000 203.0081 203.0081
16.2500 85.4169 0.0000 -70.2208 0.0000 0.0089 0.0320 0.0000 0.0000 0.0000 0.0000 1.2655 0.0000 203.0791 203.0791
16.3500 83.9951 0.0000 -70.1497 0.0000 0.0088 0.0329 0.0000 0.0000 0.0000 0.0000 1.2667 0.0000 203.1502 203.1502
16.4500 82.5733 0.0000 -70.0787 0.0000 0.0087 0.0338 0.0000 0.0000 0.0000 0.0000 1.2679 0.0000 203.2213 203.2213
16.5500 81.1515 0.0000 -70.0076 0.0000 0.0085 0.0348 0.0000 0.0000 0.0000 0.0000 1.2691 0.0000 203.2924 203.2924
16.6500 79.7297 0.0000 -69.9365 0.0000 0.0084 0.0358 0.0000 0.0000 0.0000 0.0000 1.2703 0.0000 203.3635 203.3635
16.7500 78.3079 0.0000 -69.8654 0.0000 0.0082 0.0368 0.0000 0.0000 0.0000 0.0000 1.2715 0.0000 203.4346 203.4346
16.8500 76.8861 0.0000 -69.7943 0.0000 0.0081 0.0379 0.0000 0.0000 0.0000 0.0000 1.2727 0.0000 203.5057 203.5057
16.9500 75.4643 0.0000 -69.7232 0.0000 0.0079 0.0390 0.0000 0.0000 0.0000 0.0000 1.2739 0.0000 203.5768 203.5768
17.0500 74.0425 0.0000 -69.6521 0.0000 0.0077 0.0402 0.0000 0.0000 0.0000 0.0000 1.2751 0.0000 203.6479 203.6479
17.1500 72.6207 0.0000 -69.5810 0.0000 0.0074 0.0414 0.0000 0.0000 0.0000 0.0000 1.2763 0.0000 203.7190 203.7190
17.2500 71.1989 0.0000 -69.5099 0.0000 0.0072 0.0426 0.0000 0.0000 0.0000 0.0000 1.2775 0.0000 203.7901 203.7901
17.3500 69.8464 0.0000 -69.4001 0.0000 0.0070 0.0442 0.0000 0.0000 0.0000 0.0000 1.2787 0.0000 203.8999 203.8999
17.4500 68.8670 0.0000 -69.0818 0.0000 0.0071 0.0469 0.0000 0.0000 0.0000 0.0000 1.2799 0.0000 204.2182 204.2182
17.5500 67.8876 0.0000 -68.7635 0.0000 0.0072 0.0498 0.0000 0.0000 0.0000 0.0000 1.2811 0.0000 204.5365 204.5365
17.6500 66.9081 0.0000 -68.4451 0.0000 0.0073 0.0529 0.0000 0.0000 0.0000 0.0000 1.2823 0.0000 204.8548 204.8548
17.7500 65.9287 0.0000 -68.1268 0.0000 0.0074 0.0562 0.0000 0.0000 0.0000 0.0000 1.2835 0.0000 205.1732 205.1732
17.8500 64.9493 0.0000 -67.8085 0.0000 0.0074 0.0597 0.0000 0.0000 0.0000 0.0000 1.2847 0.0000 205.4915 205.4915
17.9500 63.9698 0.0000 -67.4902 0.0000 0.0075 0.0634 0.0000 0.0000 0.0000 0.0000 1.2859 0.0000 205.8098 205.8098
18.0500 62.9904 0.0000 -67.1719 0.0000 0.0075 0.0674 0.0000 0.0000 0.0000 0.0000 1.2871 0.0000 206.1281 206.1281
18.1500 62.0110 0.0000 -66.8536 0.0000 0.0074 0.0716 0.0000 0.0000 0.0000 0.0000 1.2883 0.0000 206.4464 206.4464
18.2500 61.0315 0.0000 -66.5352 0.0000 0.0074 0.0760 0.0000 0.0000 0.0000 0.0000 1.2895 0.0000 206.7647 206.7647
18.3500 60.0521 0.0000 -66.2169 0.0000 0.0073 0.0808 0.0000 0.0000 0.0000 0.0000 1.2907 0.0000 207.0831 207.0831
18.4500 59.0727 0.0000 -65.8986 0.0000 0.0072 0.0859 0.0000 0.0000 0.0000 0.0000 1.2919 0.0000 207.4014 207.4014
18.5500 58.0932 0.0000 -65.5803 0.0000 0.0070 0.0913 0.0000 0.0000 0.0000 0.0000 1.2931 0.0000 207.7197 207.7197
18.6500 57.1138 0.0000 -65.2620 0.0000 0.0068 0.0970 0.0000 0.0000 0.0000 0.0000 1.2943 0.0000 208.0380 208.0380
18.7500 56.1344 0.0000 -64.9437 0.0000 0.0065 0.1032 0.0000 0.0000 0.0000 0.0000 1.2955 0.0000 208.3563 208.3563
18.8500 55.1550 0.0000 -64.6254 0.0000 0.0062 0.1097 0.0000 0.0000 0.0000 0.0000 1.2967 0.0000 208.6746 208.6746
18.9500 54.1755 0.0000 -64.3070 0.0000 0.0057 0.1166 0.0000 0.0000 0.0000 0.0000 1.2979 0.0000 208.9930 208.9930
19.0500 53.1961 0.0000 -63.9887 0.0000 0.0053 0.1241 0.0000 0.0000 0.0000 0.0000 1.2991 0.0000 209.3113 209.3113
19.1500 52.2167 0.0000 -63.6704 0.0000 0.0047 0.1320 0.0000 0.0000 0.0000 0.0000 1.3003 0.0000 209.6296 209.6296
19.2500 51.2372 0.0000 -63.3521 0.0000 0.0040 0.1404 0.0000 0.0000 0.0000 0.0000 1.3015 0.0000 209.9479 209.9479
19.3500 50.2578 0.0000 -63.0338 0.0000 0.0033 0.1495 0.0000 0.0000 0.0000 0.0000 1.3027 0.0000 210.2662 210.2662
19.4500 49.5399 0.0000 -62.7660 0.0000 0.0031 0.1572 0.0000 0.0000 0.0000 0.0000 1.3039 0.0000 210.5340 210.5340
19.5500 48.9155 0.0000 -62.5162 0.0000 0.0031 0.1646 0.0000 0.0000 0.0000 0.0000 1.3051 0.0000 210.7838 210.7838
19.6500 48.2911 0.0000 -62.2664 0.0000 0.0032 0.1724 0.0000 0.0000 0.0000 0.0000 1.3063 0.0000 211.0336 211.0336
19.7500 47.6667 0.0000 -62.0167 0.0000 0.0032 0.1806 0.0000 0.0000 0.0000 0.0000 1.3075 0.0000 211.2833 211.2833
19.8500 47.0423 0.0000 -61.7669 0.0000 0.0033 0.1892 0.0000 0.0000 0.0000 0.0000 1.3087 0.0000 211.5331 211.5331
