height(km) press(hPa) W(M/S) T(C) T-TE(C) QV(g/kg) SAT(g/kg) QC(g/kg) QH(g/kg) QI(g/kg) "Buoy(1e-2 m/s2)" radius(m) dwdt_entr(unitless) plumeT(K) envT(K)
0.0000 850.3199 29.4463 29.8226 0.2927 5.1557 32.6102 0.0000 0.0000 0.0000 0.2472 1.4649 -0.0808 303.1226 302.8299
0.0500 845.2046 29.1892 29.0344 0.2913 5.1562 31.2896 0.0000 0.0000 0.0000 0.2472 1.4711 -0.0808 302.3344 302.0431
0.1500 835.5521 28.8974 28.0644 -0.0609 5.1557 29.8564 0.0000 0.0000 0.0000 -0.4616 1.4787 -0.0815 301.3644 301.4253
0.2500 825.8997 28.5866 27.0984 -0.4092 5.1539 28.4902 0.0000 0.0000 0.0000 -1.0734 1.4863 -0.0794 300.3984 300.8076
0.3500 816.5411 28.2618 26.1351 -0.6720 5.1507 27.1757 0.0000 0.0000 0.0000 -1.5795 1.4939 -0.0773 299.4351 300.1071
0.4500 807.2126 27.9223 25.1746 -0.9236 5.1460 25.9199 0.0000 0.0000 0.0000 -2.0477 1.5016 -0.0753 298.4745 299.3982
0.5500 797.9531 27.5720 24.2166 -1.1451 5.1401 24.7188 0.0000 0.0000 0.0000 -2.3946 1.5093 -0.0737 297.5165 298.6617
0.6500 788.9279 27.2099 23.2603 -1.2711 5.1331 23.5637 0.0000 0.0000 0.0000 -2.6461 1.5173 -0.0736 296.5603 297.8314
0.7500 779.9026 26.8299 22.3064 -1.3947 5.1249 22.4610 0.0000 0.0000 0.0000 -2.8280 1.5257 -0.0746 295.6064 297.0010
0.8500 770.9789 26.4387 21.3537 -1.4460 5.1162 21.4038 0.0000 0.0000 0.0000 -2.8600 1.5344 -0.0750 294.6537 296.0996
0.9500 762.1760 26.0460 20.4007 -1.4130 5.1078 20.3881 0.0000 0.0000 0.0000 -2.8073 1.5432 -0.0742 293.7007 295.1137
1.0500 753.3733 25.6536 19.4477 -1.3802 5.0995 19.4159 0.0000 0.0000 0.0000 -2.7855 1.5522 -0.0729 292.7477 294.1278
1.1500 744.7640 25.2597 18.4946 -1.3795 5.0913 18.4807 0.0000 0.0000 0.0000 -2.8178 1.5613 -0.0713 291.7946 293.1740
1.2500 736.2750 24.8664 17.5415 -1.3988 5.0831 17.5832 0.0000 0.0000 0.0000 -2.8685 1.5703 -0.0690 290.8415 292.2403
1.3500 727.7861 24.4750 16.5886 -1.4179 5.0748 16.7251 0.0000 0.0000 0.0000 -2.9157 1.5794 -0.0666 289.8886 291.3065
1.4500 719.2972 24.0840 15.6359 -1.4368 5.0664 15.9051 0.0000 0.0000 0.0000 -2.9594 1.5886 -0.0645 288.9359 290.3727
1.5500 710.8082 23.6936 14.6835 -1.4554 5.0575 15.1215 0.0000 0.0000 0.0000 -2.9997 1.5978 -0.0627 287.9835 289.4389
1.6500 702.3193 23.3007 13.7315 -1.4736 5.0482 14.3730 0.0000 0.0000 0.0000 -3.1110 1.6072 -0.0610 287.0315 288.5051
1.7500 694.1482 22.8993 12.7804 -1.5493 5.0389 13.6523 0.0000 0.0000 0.0000 -3.3199 1.6167 -0.0594 286.0804 287.6297
1.8500 686.0967 22.4879 11.8306 -1.6457 5.0297 12.9629 0.0000 0.0000 0.0000 -3.5513 1.6263 -0.0577 285.1306 286.7762
1.9500 678.0451 22.0655 10.8824 -1.7404 5.0203 12.3060 0.0000 0.0000 0.0000 -3.7770 1.6361 -0.0562 284.1823 285.9228
2.0500 669.9935 21.6303 9.9358 -1.8335 5.0107 11.6803 0.0000 0.0000 0.0000 -3.9971 1.6461 -0.0550 283.2358 285.0693
2.1500 661.9421 21.1815 8.9910 -1.9249 5.0008 11.0845 0.0000 0.0000 0.0000 -4.2115 1.6563 -0.0539 282.2910 284.2159
2.2500 653.8905 20.7162 8.0482 -2.0141 4.9903 10.5174 0.0000 0.0000 0.0000 -4.4679 1.6670 -0.0530 281.3482 283.3624
2.3500 646.0790 20.2287 7.1079 -2.1422 4.9794 9.9742 0.0000 0.0000 0.0000 -4.8117 1.6778 -0.0517 280.4079 282.5500
2.4500 638.4917 19.7187 6.1700 -2.3062 4.9682 9.4544 0.0000 0.0000 0.0000 -5.1949 1.6888 -0.0498 279.4700 281.7761
2.5500 630.9044 19.1862 5.2348 -2.4674 4.9565 8.9606 0.0000 0.0000 0.0000 -5.5720 1.7000 -0.0477 278.5348 281.0022
2.6500 623.3172 18.6285 4.3027 -2.6256 4.9443 8.4917 0.0000 0.0000 0.0000 -5.9422 1.7115 -0.0458 277.6027 280.2283
2.7500 615.7299 18.0420 3.3741 -2.7804 4.9313 8.0467 0.0000 0.0000 0.0000 -6.3047 1.7233 -0.0441 276.6740 279.4544
2.8500 608.1426 17.4251 2.4492 -2.9314 4.9174 7.6246 0.0000 0.0000 0.0000 -6.6586 1.7356 -0.0425 275.7492 278.6805
2.9500 600.5554 16.7691 1.5289 -3.0777 4.9024 7.2248 0.0000 0.0000 0.0000 -7.0651 1.7486 -0.0410 274.8289 277.9066
3.0500 593.4083 16.0701 0.6116 -3.2793 4.8865 6.8401 0.0000 0.0000 0.0000 -7.5317 1.7615 -0.0384 273.9116 277.1908
3.1500 586.2959 15.3310 -0.3027 -3.4823 4.8695 6.4748 0.0000 0.0000 0.0000 -7.9989 1.7743 -0.0348 272.9973 276.4796
3.2500 579.1835 14.5448 -1.2137 -3.6820 4.8516 6.1284 0.0000 0.0000 0.0000 -8.4613 1.7872 -0.0313 272.0863 275.7683
3.3500 572.0711 13.7018 -2.1208 -3.8779 4.8326 5.8002 0.0000 0.0000 0.0000 -8.9175 1.8002 -0.0279 271.1792 275.0571
3.4500 564.9587 12.7895 -3.0235 -4.0694 4.8123 5.4896 0.0000 0.0000 0.0000 -9.3668 1.8134 -0.0247 270.2765 274.3459
3.5500 557.8464 11.7844 -3.9221 -4.2567 4.7912 5.1955 0.0000 0.0000 0.0000 -9.8343 1.8269 -0.0216 269.3779 273.6346
3.6500 550.7340 10.6658 -4.8377 -4.4612 4.7779 4.9091 0.0028 0.0000 0.0000 -10.1701 1.8411 -0.0185 268.4622 272.9234
3.7500 544.0609 9.4197 -5.5948 -4.5390 4.7000 4.6899 0.0385 0.0000 0.0000 -10.2099 1.8557 -0.0153 267.7052 272.2442
3.8500 537.4384 7.9427 -6.2012 -4.4699 4.5619 4.5315 0.1436 0.0000 0.0000 -10.0626 1.8717 -0.0118 267.0988 271.5687
3.9500 530.8159 5.9329 -6.7708 -4.3641 4.4144 4.3906 0.2372 0.0000 0.0000 -9.7920 1.8945 -0.0080 266.5291 270.8932
4.0500 524.1934 3.3074 -7.2999 -4.2176 4.2731 4.2673 0.2387 0.0000 0.0000 -8.9606 1.9460 -0.0039 266.0001 270.2177
4.1500 517.5709 0.8591 -7.4330 -3.6752 4.0251 4.2777 0.1675 0.0000 0.0000 -7.0442 2.0552 -0.0008 265.8670 269.5422
4.2500 510.9483 -0.4682 -7.0446 -2.6114 3.6233 4.4666 0.1047 0.0000 0.0000 -4.4558 2.2069 -0.0003 266.2554 268.8667
4.3500 504.3258 -0.6682 -6.5986 -1.4898 3.2157 4.6851 0.0538 0.0000 0.0000 -2.1905 2.3508 -0.0004 266.7014 268.1912
4.4500 497.8802 -0.4032 -6.4818 -0.6987 2.8615 4.7893 0.0303 0.0000 0.0000 -0.7734 2.4652 -0.0002 266.8181 267.5168
4.5500 491.7678 -0.1554 -6.7512 -0.2957 2.5635 4.7491 0.0161 0.0000 0.0000 -0.0819 2.5575 -0.0001 266.5488 266.8445
4.6500 485.6552 -0.0230 -7.2434 -0.1155 2.2974 4.6288 0.0087 0.0000 0.0000 0.2097 2.6359 -0.0000 266.0566 266.1721
4.7500 479.5428 0.0271 -7.8421 -0.0418 2.0513 4.4741 0.0050 0.0000 0.0000 0.3131 2.7045 -0.0000 265.4579 265.4997
4.8500 473.4303 0.0383 -8.4887 -0.0160 1.8220 4.3079 0.0018 0.0000 0.0000 0.3377 2.7647 -0.0000 264.8113 264.8273
4.9500 467.3179 0.0359 -9.1521 -0.0071 1.6071 4.1420 0.0002 0.0000 0.0000 0.3347 2.8161 -0.0000 264.1479 264.1550
5.0500 461.2054 0.0303 -9.8212 -0.0038 1.4067 3.9802 0.0000 0.0000 0.0000 0.3198 2.8574 -0.0000 263.4788 263.4826
5.1500 455.0929 0.0244 -10.4952 -0.0054 1.2228 3.8227 0.0000 0.0000 0.0000 0.2937 2.8872 -0.0000 262.8048 262.8102
5.2500 449.0661 0.0191 -11.1797 -0.0102 1.0562 3.6671 0.0000 0.0000 0.0000 0.2618 2.9035 -0.0000 262.1203 262.1305
5.3500 443.4670 0.0146 -11.8886 -0.0024 0.9071 3.5071 0.0000 0.0000 0.0000 0.2260 2.9041 -0.0000 261.4114 261.4138
5.4500 437.8679 0.0109 -12.6035 -0.0006 0.7744 3.3517 0.0000 0.0000 0.0000 0.1867 2.8869 -0.0000 260.6965 260.6971
5.5500 432.2687 0.0079 -13.3198 -0.0002 0.6568 3.2023 0.0000 0.0000 0.0000 0.1504 2.8488 -0.0000 259.9802 259.9804
5.6500 426.6696 0.0056 -14.0363 -0.0001 0.5529 3.0588 0.0000 0.0000 0.0000 0.1184 2.7864 -0.0000 259.2636 259.2637
5.7500 421.0706 0.0039 -14.7530 -0.0001 0.4614 2.9211 0.0000 0.0000 0.0000 0.0906 2.6950 -0.0000 258.5470 258.5470
5.8500 415.4715 0.0026 -15.4697 -0.0001 0.3809 2.7892 0.0000 0.0000 0.0000 0.0661 2.5689 -0.0000 257.8303 257.8303
5.9500 409.8724 0.0015 -16.1867 -0.0003 0.3102 2.6626 0.0000 0.0000 0.0000 0.0424 2.4011 -0.0000 257.1133 257.1136
6.0500 404.2733 0.0006 -16.9053 -0.0023 0.2477 2.5408 0.0000 0.0000 0.0000 0.0179 2.1822 -0.0000 256.3947 256.3970
6.1500 398.7980 0.0001 -17.6353 -0.0050 0.1920 2.4211 0.0000 0.0000 0.0000 0.0000 1.9004 -0.0000 255.6647 255.6697
6.2500 393.7219 0.0000 -18.3917 0.0000 0.1408 2.2990 0.0000 0.0000 0.0000 0.0000 1.5399 0.0000 254.9083 254.9083
6.3500 388.6457 0.0000 -19.1532 0.0000 0.1358 2.1815 0.0000 0.0000 0.0000 0.0000 1.5411 0.0000 254.1468 254.1468
6.4500 383.5696 0.0000 -19.9146 0.0000 0.1310 2.0694 0.0000 0.0000 0.0000 0.0000 1.5423 0.0000 253.3854 253.3854
6.5500 378.4934 0.0000 -20.6760 0.0000 0.1262 1.9626 0.0000 0.0000 0.0000 0.0000 1.5435 0.0000 252.6240 252.6240
6.6500 373.4173 0.0000 -21.4374 0.0000 0.1215 1.8607 0.0000 0.0000 0.0000 0.0000 1.5447 0.0000 251.8626 251.8626
6.7500 368.3411 0.0000 -22.1988 0.0000 0.1170 1.7636 0.0000 0.0000 0.0000 0.0000 1.5459 0.0000 251.1012 251.1012
6.8500 363.2650 0.0000 -22.9603 0.0000 0.1125 1.6712 0.0000 0.0000 0.0000 0.0000 1.5471 0.0000 250.3397 250.3397
6.9500 358.1888 0.0000 -23.7217 0.0000 0.1082 1.5831 0.0000 0.0000 0.0000 0.0000 1.5483 0.0000 249.5783 249.5783
7.0500 353.1127 0.0000 -24.4831 0.0000 0.1040 1.4993 0.0000 0.0000 0.0000 0.0000 1.5495 0.0000 248.8169 248.8169
7.1500 348.2434 0.0000 -25.2556 0.0000 0.0997 1.4172 0.0000 0.0000 0.0000 0.0000 1.5507 0.0000 248.0443 248.0443
7.2500 343.7021 0.0000 -26.0458 0.0000 0.0952 1.3357 0.0000 0.0000 0.0000 0.0000 1.5519 0.0000 247.2542 247.2542
7.3500 339.1608 0.0000 -26.8360 0.0000 0.0908 1.2585 0.0000 0.0000 0.0000 0.0000 1.5531 0.0000 246.4640 246.4640
7.4500 334.6195 0.0000 -27.6262 0.0000 0.0866 1.1853 0.0000 0.0000 0.0000 0.0000 1.5543 0.0000 245.6738 245.6738
7.5500 330.0781 0.0000 -28.4164 0.0000 0.0826 1.1160 0.0000 0.0000 0.0000 0.0000 1.5555 0.0000 244.8836 244.8836
7.6500 325.5368 0.0000 -29.2066 0.0000 0.0787 1.0503 0.0000 0.0000 0.0000 0.0000 1.5567 0.0000 244.0934 244.0934
7.7500 320.9955 0.0000 -29.9968 0.0000 0.0749 0.9881 0.0000 0.0000 0.0000 0.0000 1.5579 0.0000 243.3032 243.3032
7.8500 316.4542 0.0000 -30.7870 0.0000 0.0713 0.9293 0.0000 0.0000 0.0000 0.0000 1.5591 0.0000 242.5130 242.5130
7.9500 311.9128 0.0000 -31.5772 0.0000 0.0678 0.8737 0.0000 0.0000 0.0000 0.0000 1.5603 0.0000 241.7228 241.7228
8.0500 307.3715 0.0000 -32.3674 0.0000 0.0645 0.8211 0.0000 0.0000 0.0000 0.0000 1.5615 0.0000 240.9326 240.9326
8.1500 302.8302 0.0000 -33.1575 0.0000 0.0613 0.7713 0.0000 0.0000 0.0000 0.0000 1.5627 0.0000 240.1424 240.1424
8.2500 298.4977 0.0000 -33.9144 0.0000 0.0579 0.7262 0.0000 0.0000 0.0000 0.0000 1.5639 0.0000 239.3856 239.3856
8.3500 294.5104 0.0000 -34.6162 0.0000 0.0542 0.6865 0.0000 0.0000 0.0000 0.0000 1.5651 0.0000 238.6838 238.6838
8.4500 290.5232 0.0000 -35.3179 0.0000 0.0507 0.6487 0.0000 0.0000 0.0000 0.0000 1.5663 0.0000 237.9821 237.9821
8.5500 286.5359 0.0000 -36.0197 0.0000 0.0474 0.6129 0.0000 0.0000 0.0000 0.0000 1.5675 0.0000 237.2803 237.2803
8.6500 282.5486 0.0000 -36.7214 0.0000 0.0443 0.5788 0.0000 0.0000 0.0000 0.0000 1.5687 0.0000 236.5786 236.5786
8.7500 278.5614 0.0000 -37.4232 0.0000 0.0414 0.5465 0.0000 0.0000 0.0000 0.0000 1.5699 0.0000 235.8768 235.8768
8.8500 274.5742 0.0000 -38.1249 0.0000 0.0386 0.5158 0.0000 0.0000 0.0000 0.0000 1.5711 0.0000 235.1750 235.1750
8.9500 270.5869 0.0000 -38.8267 0.0000 0.0361 0.4867 0.0000 0.0000 0.0000 0.0000 1.5723 0.0000 234.4733 234.4733
9.0500 266.5997 0.0000 -39.5284 0.0000 0.0337 0.4591 0.0000 0.0000 0.0000 0.0000 1.5735 0.0000 233.7715 233.7715
9.1500 262.6125 0.0000 -40.2302 0.0000 0.0314 0.4330 0.0000 0.0000 0.0000 0.0000 1.5747 0.0000 233.0698 233.0698
9.2500 258.6252 0.0000 -40.9320 0.0000 0.0293 0.4082 0.0000 0.0000 0.0000 0.0000 1.5759 0.0000 232.3680 232.3680
9.3500 254.6380 0.0000 -41.6337 0.0000 0.0273 0.3847 0.0000 0.0000 0.0000 0.0000 1.5771 0.0000 231.6663 231.6663
9.4500 250.6508 0.0000 -42.3355 0.0000 0.0254 0.3625 0.0000 0.0000 0.0000 0.0000 1.5783 0.0000 230.9645 230.9645
9.5500 247.0368 0.0000 -42.9478 0.0000 0.0257 0.3442 0.0000 0.0000 0.0000 0.0000 1.5795 0.0000 230.3522 230.3522
9.6500 243.4958 0.0000 -43.5427 0.0000 0.0263 0.3274 0.0000 0.0000 0.0000 0.0000 1.5807 0.0000 229.7573 229.7573
9.7500 239.9547 0.0000 -44.1376 0.0000 0.0268 0.3113 0.0000 0.0000 0.0000 0.0000 1.5819 0.0000 229.1624 229.1624
9.8500 236.4136 0.0000 -44.7325 0.0000 0.0271 0.2959 0.0000 0.0000 0.0000 0.0000 1.5831 0.0000 228.5675 228.5675
9.9500 232.8725 0.0000 -45.3274 0.0000 0.0274 0.2813 0.0000 0.0000 0.0000 0.0000 1.5843 0.0000 227.9726 227.9726
10.0500 229.3315 0.0000 -45.9223 0.0000 0.0276 0.2673 0.0000 0.0000 0.0000 0.0000 1.5855 0.0000 227.3777 227.3777
10.1500 225.7904 0.0000 -46.5172 0.0000 0.0276 0.2540 0.0000 0.0000 0.0000 0.0000 1.5867 0.0000 226.7828 226.7828
10.2500 222.4877 0.0000 -47.1324 0.0000 0.0281 0.2405 0.0000 0.0000 0.0000 0.0000 1.5879 0.0000 226.1676 226.1676
10.3500 219.2536 0.0000 -47.7533 0.0000 0.0287 0.2274 0.0000 0.0000 0.0000 0.0000 1.5891 0.0000 225.5467 225.5467
10.4500 216.0194 0.0000 -48.3743 0.0000 0.0291 0.2150 0.0000 0.0000 0.0000 0.0000 1.5903 0.0000 224.9257 224.9257
10.5500 212.7853 0.0000 -48.9952 0.0000 0.0293 0.2032 0.0000 0.0000 0.0000 0.0000 1.5915 0.0000 224.3048 224.3048
10.6500 209.5511 0.0000 -49.6162 0.0000 0.0294 0.1920 0.0000 0.0000 0.0000 0.0000 1.5927 0.0000 223.6838 223.6838
10.7500 206.3170 0.0000 -50.2371 0.0000 0.0294 0.1814 0.0000 0.0000 0.0000 0.0000 1.5939 0.0000 223.0629 223.0629
10.8500 203.0828 0.0000 -50.8581 0.0000 0.0294 0.1714 0.0000 0.0000 0.0000 0.0000 1.5951 0.0000 222.4419 222.4419
10.9500 199.8635 0.0000 -51.4811 0.0000 0.0292 0.1618 0.0000 0.0000 0.0000 0.0000 1.5963 0.0000 221.8189 221.8189
11.0500 196.9463 0.0000 -52.1462 0.0000 0.0293 0.1517 0.0000 0.0000 0.0000 0.0000 1.5975 0.0000 221.1538 221.1538
11.1500 194.0292 0.0000 -52.8113 0.0000 0.0293 0.1422 0.0000 0.0000 0.0000 0.0000 1.5987 0.0000 220.4886 220.4886
11.2500 191.1120 0.0000 -53.4765 0.0000 0.0292 0.1332 0.0000 0.0000 0.0000 0.0000 1.5999 0.0000 219.8235 219.8235
11.3500 188.1949 0.0000 -54.1416 0.0000 0.0289 0.1248 0.0000 0.0000 0.0000 0.0000 1.6011 0.0000 219.1584 219.1584
11.4500 185.2777 0.0000 -54.8067 0.0000 0.0286 0.1168 0.0000 0.0000 0.0000 0.0000 1.6023 0.0000 218.4933 218.4933
11.5500 182.3606 0.0000 -55.4718 0.0000 0.0282 0.1093 0.0000 0.0000 0.0000 0.0000 1.6035 0.0000 217.8282 217.8282
11.6500 179.4434 0.0000 -56.1369 0.0000 0.0277 0.1023 0.0000 0.0000 0.0000 0.0000 1.6047 0.0000 217.1631 217.1631
11.7500 176.5263 0.0000 -56.8020 0.0000 0.0271 0.0957 0.0000 0.0000 0.0000 0.0000 1.6059 0.0000 216.4980 216.4980
11.8500 173.7609 0.0000 -57.4226 0.0000 0.0264 0.0899 0.0000 0.0000 0.0000 0.0000 1.6071 0.0000 215.8774 215.8774
11.9500 171.1622 0.0000 -57.9943 0.0000 0.0257 0.0849 0.0000 0.0000 0.0000 0.0000 1.6083 0.0000 215.3057 215.3057
12.0500 168.5634 0.0000 -58.5660 0.0000 0.0249 0.0801 0.0000 0.0000 0.0000 0.0000 1.6095 0.0000 214.7339 214.7339
12.1500 165.9647 0.0000 -59.1378 0.0000 0.0241 0.0756 0.0000 0.0000 0.0000 0.0000 1.6107 0.0000 214.1622 214.1622
12.2500 163.3659 0.0000 -59.7095 0.0000 0.0233 0.0713 0.0000 0.0000 0.0000 0.0000 1.6119 0.0000 213.5905 213.5905
12.3500 160.7672 0.0000 -60.2812 0.0000 0.0226 0.0673 0.0000 0.0000 0.0000 0.0000 1.6131 0.0000 213.0188 213.0188
12.4500 158.1684 0.0000 -60.8530 0.0000 0.0218 0.0635 0.0000 0.0000 0.0000 0.0000 1.6143 0.0000 212.4470 212.4470
12.5500 155.5697 0.0000 -61.4247 0.0000 0.0211 0.0598 0.0000 0.0000 0.0000 0.0000 1.6155 0.0000 211.8753 211.8753
12.6500 152.9709 0.0000 -61.9964 0.0000 0.0203 0.0564 0.0000 0.0000 0.0000 0.0000 1.6167 0.0000 211.3036 211.3036
12.7500 150.3721 0.0000 -62.5681 0.0000 0.0196 0.0532 0.0000 0.0000 0.0000 0.0000 1.6179 0.0000 210.7319 210.7319
12.8500 148.0738 0.0000 -63.0507 0.0000 0.0188 0.0506 0.0000 0.0000 0.0000 0.0000 1.6191 0.0000 210.2493 210.2493
12.9500 145.8256 0.0000 -63.5183 0.0000 0.0179 0.0482 0.0000 0.0000 0.0000 0.0000 1.6203 0.0000 209.7817 209.7817
13.0500 143.5773 0.0000 -63.9859 0.0000 0.0171 0.0460 0.0000 0.0000 0.0000 0.0000 1.6215 0.0000 209.3141 209.3141
13.1500 141.3291 0.0000 -64.4535 0.0000 0.0164 0.0438 0.0000 0.0000 0.0000 0.0000 1.6227 0.0000 208.8465 208.8465
13.2500 139.0809 0.0000 -64.9212 0.0000 0.0156 0.0418 0.0000 0.0000 0.0000 0.0000 1.6239 0.0000 208.3788 208.3788
13.3500 136.8327 0.0000 -65.3888 0.0000 0.0149 0.0398 0.0000 0.0000 0.0000 0.0000 1.6251 0.0000 207.9112 207.9112
13.4500 134.5845 0.0000 -65.8564 0.0000 0.0143 0.0379 0.0000 0.0000 0.0000 0.0000 1.6263 0.0000 207.4436 207.4436
13.5500 132.3363 0.0000 -66.3240 0.0000 0.0136 0.0361 0.0000 0.0000 0.0000 0.0000 1.6275 0.0000 206.9760 206.9760
13.6500 130.0881 0.0000 -66.7917 0.0000 0.0130 0.0344 0.0000 0.0000 0.0000 0.0000 1.6287 0.0000 206.5083 206.5083
13.7500 127.8399 0.0000 -67.2593 0.0000 0.0124 0.0328 0.0000 0.0000 0.0000 0.0000 1.6299 0.0000 206.0407 206.0407
13.8500 125.5917 0.0000 -67.7269 0.0000 0.0119 0.0312 0.0000 0.0000 0.0000 0.0000 1.6311 0.0000 205.5731 205.5731
13.9500 123.6140 0.0000 -68.0440 0.0000 0.0116 0.0303 0.0000 0.0000 0.0000 0.0000 1.6323 0.0000 205.2560 205.2560
14.0500 121.7329 0.0000 -68.3074 0.0000 0.0114 0.0297 0.0000 0.0000 0.0000 0.0000 1.6335 0.0000 204.9926 204.9926
14.1500 119.8518 0.0000 -68.5707 0.0000 0.0113 0.0290 0.0000 0.0000 0.0000 0.0000 1.6347 0.0000 204.7292 204.7292
14.2500 117.9707 0.0000 -68.8341 0.0000 0.0111 0.0284 0.0000 0.0000 0.0000 0.0000 1.6359 0.0000 204.4659 204.4659
14.3500 116.0896 0.0000 -69.0975 0.0000 0.0109 0.0278 0.0000 0.0000 0.0000 0.0000 1.6371 0.0000 204.2025 204.2025
14.4500 114.2084 0.0000 -69.3608 0.0000 0.0108 0.0272 0.0000 0.0000 0.0000 0.0000 1.6383 0.0000 203.9392 203.9392
14.5500 112.3273 0.0000 -69.6242 0.0000 0.0106 0.0266 0.0000 0.0000 0.0000 0.0000 1.6395 0.0000 203.6758 203.6758
14.6500 110.4462 0.0000 -69.8875 0.0000 0.0105 0.0260 0.0000 0.0000 0.0000 0.0000 1.6407 0.0000 203.4125 203.4125
14.7500 108.5651 0.0000 -70.1509 0.0000 0.0103 0.0255 0.0000 0.0000 0.0000 0.0000 1.6419 0.0000 203.1491 203.1491
14.8500 106.6840 0.0000 -70.4142 0.0000 0.0102 0.0249 0.0000 0.0000 0.0000 0.0000 1.6431 0.0000 202.8858 202.8858
14.9500 104.8029 0.0000 -70.6776 0.0000 0.0101 0.0244 0.0000 0.0000 0.0000 0.0000 1.6443 0.0000 202.6224 202.6224
15.0500 102.9218 0.0000 -70.9409 0.0000 0.0099 0.0239 0.0000 0.0000 0.0000 0.0000 1.6455 0.0000 202.3590 202.3590
15.1500 101.0406 0.0000 -71.2043 0.0000 0.0098 0.0234 0.0000 0.0000 0.0000 0.0000 1.6467 0.0000 202.0957 202.0957
15.2500 99.3651 0.0000 -71.3034 0.0000 0.0097 0.0235 0.0000 0.0000 0.0000 0.0000 1.6479 0.0000 201.9966 201.9966
15.3500 97.9439 0.0000 -71.1992 0.0000 0.0097 0.0242 0.0000 0.0000 0.0000 0.0000 1.6491 0.0000 202.1008 202.1008
15.4500 96.5228 0.0000 -71.0950 0.0000 0.0097 0.0249 0.0000 0.0000 0.0000 0.0000 1.6503 0.0000 202.2050 202.2050
15.5500 95.1017 0.0000 -70.9908 0.0000 0.0096 0.0257 0.0000 0.0000 0.0000 0.0000 1.6515 0.0000 202.3092 202.3092
15.6500 93.6805 0.0000 -70.8866 0.0000 0.0096 0.0265 0.0000 0.0000 0.0000 0.0000 1.6527 0.0000 202.4134 202.4134
15.7500 92.2594 0.0000 -70.7823 0.0000 0.0095 0.0273 0.0000 0.0000 0.0000 0.0000 1.6539 0.0000 202.5176 202.5176
15.8500 90.8383 0.0000 -70.6781 0.0000 0.0094 0.0282 0.0000 0.0000 0.0000 0.0000 1.6551 0.0000 202.6219 202.6219
15.9500 89.4172 0.0000 -70.5739 0.0000 0.0093 0.0291 0.0000 0.0000 0.0000 0.0000 1.6563 0.0000 202.7261 202.7261
16.0500 87.9960 0.0000 -70.4697 0.0000 0.0092 0.0300 0.0000 0.0000 0.0000 0.0000 1.6575 0.0000 202.8303 202.8303
16.1500 86.5749 0.0000 -70.3655 0.0000 0.0091 0.0309 0.0000 0.0000 0.0000 0.0000 1.6587 0.0000 202.9345 202.9345
16.2500 85.1538 0.0000 -70.2613 0.0000 0.0090 0.0319 0.0000 0.0000 0.0000 0.0000 1.6599 0.0000 203.0387 203.0387
16.3500 83.7327 0.0000 -70.1571 0.0000 0.0088 0.0330 0.0000 0.0000 0.0000 0.0000 1.6611 0.0000 203.1429 203.1429
16.4500 82.3115 0.0000 -70.0528 0.0000 0.0087 0.0341 0.0000 0.0000 0.0000 0.0000 1.6623 0.0000 203.2471 203.2471
16.5500 80.8904 0.0000 -69.9486 0.0000 0.0085 0.0352 0.0000 0.0000 0.0000 0.0000 1.6635 0.0000 203.3514 203.3514
16.6500 79.4693 0.0000 -69.8444 0.0000 0.0083 0.0364 0.0000 0.0000 0.0000 0.0000 1.6647 0.0000 203.4556 203.4556
16.7500 78.0481 0.0000 -69.7402 0.0000 0.0081 0.0376 0.0000 0.0000 0.0000 0.0000 1.6659 0.0000 203.5598 203.5598
16.8500 76.6270 0.0000 -69.6360 0.0000 0.0078 0.0389 0.0000 0.0000 0.0000 0.0000 1.6671 0.0000 203.6640 203.6640
16.9500 75.2059 0.0000 -69.5318 0.0000 0.0076 0.0402 0.0000 0.0000 0.0000 0.0000 1.6683 0.0000 203.7682 203.7682
17.0500 73.7848 0.0000 -69.4275 0.0000 0.0073 0.0416 0.0000 0.0000 0.0000 0.0000 1.6695 0.0000 203.8725 203.8725
17.1500 72.3636 0.0000 -69.3233 0.0000 0.0070 0.0431 0.0000 0.0000 0.0000 0.0000 1.6707 0.0000 203.9767 203.9767
17.2500 70.9425 0.0000 -69.2191 0.0000 0.0066 0.0446 0.0000 0.0000 0.0000 0.0000 1.6719 0.0000 204.0809 204.0809
17.3500 69.6708 0.0000 -69.0348 0.0000 0.0064 0.0467 0.0000 0.0000 0.0000 0.0000 1.6731 0.0000 204.2652 204.2652
17.4500 68.6933 0.0000 -68.6926 0.0000 0.0066 0.0497 0.0000 0.0000 0.0000 0.0000 1.6743 0.0000 204.6074 204.6074
17.5500 67.7157 0.0000 -68.3505 0.0000 0.0067 0.0530 0.0000 0.0000 0.0000 0.0000 1.6755 0.0000 204.9495 204.9495
17.6500 66.7382 0.0000 -68.0084 0.0000 0.0068 0.0565 0.0000 0.0000 0.0000 0.0000 1.6767 0.0000 205.2916 205.2916
17.7500 65.7607 0.0000 -67.6662 0.0000 0.0069 0.0602 0.0000 0.0000 0.0000 0.0000 1.6779 0.0000 205.6337 205.6337
17.8500 64.7832 0.0000 -67.3241 0.0000 0.0070 0.0641 0.0000 0.0000 0.0000 0.0000 1.6791 0.0000 205.9759 205.9759
17.9500 63.8057 0.0000 -66.9820 0.0000 0.0070 0.0683 0.0000 0.0000 0.0000 0.0000 1.6803 0.0000 206.3180 206.3180
18.0500 62.8282 0.0000 -66.6398 0.0000 0.0071 0.0728 0.0000 0.0000 0.0000 0.0000 1.6815 0.0000 206.6601 206.6601
18.1500 61.8506 0.0000 -66.2977 0.0000 0.0071 0.0776 0.0000 0.0000 0.0000 0.0000 1.6827 0.0000 207.0023 207.0023
18.2500 60.8731 0.0000 -65.9556 0.0000 0.0070 0.0827 0.0000 0.0000 0.0000 0.0000 1.6839 0.0000 207.3444 207.3444
18.3500 59.8956 0.0000 -65.6134 0.0000 0.0070 0.0881 0.0000 0.0000 0.0000 0.0000 1.6851 0.0000 207.6865 207.6865
18.4500 58.9181 0.0000 -65.2713 0.0000 0.0069 0.0939 0.0000 0.0000 0.0000 0.0000 1.6863 0.0000 208.0287 208.0287
18.5500 57.9406 0.0000 -64.9292 0.0000 0.0068 0.1001 0.0000 0.0000 0.0000 0.0000 1.6875 0.0000 208.3708 208.3708
18.6500 56.9631 0.0000 -64.5871 0.0000 0.0066 0.1068 0.0000 0.0000 0.0000 0.0000 1.6887 0.0000 208.7129 208.7129
18.7500 55.9855 0.0000 -64.2449 0.0000 0.0064 0.1138 0.0000 0.0000 0.0000 0.0000 1.6899 0.0000 209.0551 209.0551
18.8500 55.0080 0.0000 -63.9028 0.0000 0.0061 0.1214 0.0000 0.0000 0.0000 0.0000 1.6911 0.0000 209.3972 209.3972
18.9500 54.0305 0.0000 -63.5607 0.0000 0.0057 0.1295 0.0000 0.0000 0.0000 0.0000 1.6923 0.0000 209.7393 209.7393
19.0500 53.0530 0.0000 -63.2185 0.0000 0.0053 0.1381 0.0000 0.0000 0.0000 0.0000 1.6935 0.0000 210.0815 210.0815
19.1500 52.0755 0.0000 -62.8764 0.0000 0.0048 0.1473 0.0000 0.0000 0.0000 0.0000 1.6947 0.0000 210.4236 210.4236
19.2500 51.0979 0.0000 -62.5343 0.0000 0.0042 0.1572 0.0000 0.0000 0.0000 0.0000 1.6959 0.0000 210.7657 210.7657
19.3500 50.1204 0.0000 -62.1921 0.0000 0.0035 0.1678 0.0000 0.0000 0.0000 0.0000 1.6971 0.0000 211.1078 211.1078
19.4500 49.4540 0.0000 -61.9480 0.0000 0.0034 0.1757 0.0000 0.0000 0.0000 0.0000 1.6983 0.0000 211.3520 211.3520
19.5500 48.8314 0.0000 -61.7176 0.0000 0.0035 0.1834 0.0000 0.0000 0.0000 0.0000 1.6995 0.0000 211.5824 211.5824
19.6500 48.2087 0.0000 -61.4872 0.0000 0.0035 0.1916 0.0000 0.0000 0.0000 0.0000 1.7007 0.0000 211.8128 211.8128
19.7500 47.5861 0.0000 -61.2568 0.0000 0.0035 0.2001 0.0000 0.0000 0.0000 0.0000 1.7019 0.0000 212.0432 212.0432
19.8500 46.9634 0.0000 -61.0264 0.0000 0.0036 0.2090 0.0000 0.0000 0.0000 0.0000 1.7031 0.0000 212.2735 212.2735
