height(km) press(hPa) W(M/S) T(C) T-TE(C) QV(g/kg) SAT(g/kg) QC(g/kg) QH(g/kg) QI(g/kg) "Buoy(1e-2 m/s2)" radius(m) dwdt_entr(unitless) plumeT(K) envT(K)
0.0000 794.9183 23.7164 28.2183 0.3981 3.6903 31.7567 0.0000 0.0000 0.0000 4.6996 0.6949 -0.0892 301.5183 301.1202
0.0500 790.6265 23.4976 27.3999 1.1462 3.6930 30.3787 0.0000 0.0000 0.0000 4.6996 0.7003 -0.0892 300.6999 299.5536
0.1500 782.0428 23.4164 26.3384 3.2178 3.7023 28.7879 0.0000 0.0000 0.0000 8.7134 0.7104 -0.1204 299.6384 296.4206
0.2500 773.4030 23.1206 25.1758 4.7664 3.7160 27.1046 0.0000 0.0000 0.0000 10.0721 0.7253 -0.1823 298.4758 293.7094
0.3500 764.5062 22.6182 24.0340 4.4075 3.7312 25.5526 0.0000 0.0000 0.0000 9.2993 0.7403 -0.2070 297.3340 292.9265
0.4500 755.6094 22.1105 22.9055 4.0619 3.7477 24.1015 0.0000 0.0000 0.0000 8.5733 0.7556 -0.1981 296.2055 292.1436
0.5500 746.8472 21.5987 21.7913 3.7376 3.7634 22.7411 0.0000 0.0000 0.0000 7.9209 0.7712 -0.1891 295.0912 291.3536
0.6500 738.3148 21.0991 20.6921 3.4405 3.7753 21.4639 0.0000 0.0000 0.0000 7.3243 0.7867 -0.1775 293.9921 290.5516
0.7500 729.7823 20.6231 19.6069 3.1573 3.7837 20.2695 0.0000 0.0000 0.0000 6.7530 0.8020 -0.1646 292.9069 289.7495
0.8500 721.2499 20.1671 18.5342 2.8867 3.7888 19.1506 0.0000 0.0000 0.0000 6.2047 0.8172 -0.1532 291.8342 288.9475
0.9500 712.7174 19.7282 17.4732 2.6277 3.7909 18.1009 0.0000 0.0000 0.0000 5.6774 0.8323 -0.1427 290.7732 288.1454
1.0500 704.1851 19.3022 16.4228 2.3794 3.7903 17.1150 0.0000 0.0000 0.0000 5.1524 0.8474 -0.1332 289.7228 287.3434
1.1500 695.8844 18.8871 15.3837 2.1205 3.7861 16.1838 0.0000 0.0000 0.0000 4.6115 0.8622 -0.1239 288.6837 286.5631
1.2500 687.8069 18.4870 14.3560 1.8521 3.7779 15.3046 0.0000 0.0000 0.0000 4.0710 0.8766 -0.1140 287.6559 285.8038
1.3500 679.7292 18.1031 13.3386 1.5940 3.7661 14.4783 0.0000 0.0000 0.0000 3.5467 0.8906 -0.1044 286.6385 285.0445
1.4500 671.6517 17.7318 12.3304 1.3451 3.7515 13.7004 0.0000 0.0000 0.0000 3.0366 0.9042 -0.0958 285.6304 284.2852
1.5500 663.5742 17.3700 11.3306 1.1046 3.7343 12.9674 0.0000 0.0000 0.0000 2.5391 0.9175 -0.0880 284.6306 283.5260
1.6500 655.4967 17.0148 10.3383 0.8716 3.7151 12.2758 0.0000 0.0000 0.0000 2.0541 0.9304 -0.0808 283.6383 282.7667
1.7500 647.5647 16.6636 9.3529 0.6464 3.6942 11.6201 0.0000 0.0000 0.0000 1.5827 0.9429 -0.0743 282.6529 282.0065
1.8500 639.9427 16.3134 8.3734 0.4291 3.6717 10.9949 0.0000 0.0000 0.0000 1.1224 0.9551 -0.0684 281.6734 281.2443
1.9500 632.3208 15.9612 7.3996 0.2175 3.6479 10.4038 0.0000 0.0000 0.0000 0.6697 0.9671 -0.0631 280.6996 280.4821
2.0500 624.6989 15.6047 6.4308 0.0109 3.6230 9.8447 0.0000 0.0000 0.0000 0.2239 0.9787 -0.0581 279.7307 279.7199
2.1500 617.0769 15.2415 5.4668 -0.1909 3.5972 9.3155 0.0000 0.0000 0.0000 -0.2156 0.9901 -0.0535 278.7668 278.9577
2.2500 609.4549 14.8692 4.5071 -0.3884 3.5707 8.8146 0.0000 0.0000 0.0000 -0.6494 1.0013 -0.0492 277.8071 278.1955
2.3500 601.8329 14.4853 3.5516 -0.5817 3.5437 8.3402 0.0000 0.0000 0.0000 -1.0882 1.0122 -0.0452 276.8516 277.4333
2.4500 594.5750 14.0835 2.6004 -0.7854 3.5149 7.8863 0.0000 0.0000 0.0000 -1.5354 1.0230 -0.0419 275.9004 276.6858
2.5500 587.4320 13.6564 1.6538 -0.9892 3.4841 7.4554 0.0000 0.0000 0.0000 -1.9809 1.0340 -0.0392 274.9538 275.9429
2.6500 580.2892 13.2004 0.7119 -1.1882 3.4514 7.0480 0.0000 0.0000 0.0000 -2.4209 1.0451 -0.0366 274.0119 275.2001
2.7500 573.1463 12.7121 -0.2251 -1.3824 3.4169 6.6629 0.0000 0.0000 0.0000 -2.8554 1.0563 -0.0342 273.0749 274.4572
2.8500 566.0035 12.1877 -1.1573 -1.5717 3.3805 6.2988 0.0000 0.0000 0.0000 -3.2835 1.0676 -0.0317 272.1427 273.7144
2.9500 558.8606 11.6234 -2.0844 -1.7559 3.3424 5.9548 0.0000 0.0000 0.0000 -3.7041 1.0793 -0.0293 271.2156 272.9715
3.0500 551.7178 11.0036 -3.0058 -1.9344 3.3023 5.6301 0.0000 0.0000 0.0000 -4.2231 1.0912 -0.0268 270.2942 272.2286
3.1500 544.9567 10.2972 -3.9165 -2.2025 3.2574 5.3217 0.0000 0.0000 0.0000 -4.8669 1.1041 -0.0247 269.3835 271.5860
3.2500 538.3166 9.4741 -4.8128 -2.4879 3.2061 5.0328 0.0000 0.0000 0.0000 -5.5155 1.1183 -0.0230 268.4872 270.9751
3.3500 531.6765 8.4952 -5.6907 -2.7549 3.1469 4.7647 0.0000 0.0000 0.0000 -6.1172 1.1345 -0.0209 267.6093 270.3642
3.4500 525.0364 7.2729 -6.5401 -2.9935 3.0759 4.5194 0.0000 0.0000 0.0000 -6.6221 1.1539 -0.0180 266.7599 269.7533
3.5500 518.3963 5.6577 -7.3279 -3.1704 2.9812 4.3060 0.0000 0.0000 0.0000 -6.8821 1.1824 -0.0139 265.9720 269.1425
3.6500 511.7562 3.6396 -7.9594 -3.1909 2.8313 4.1522 0.0000 0.0000 0.0000 -6.6137 1.2372 -0.0086 265.3406 268.5316
3.7500 505.1161 1.6539 -8.2873 -2.9079 2.5879 4.1004 0.0000 0.0000 0.0000 -5.5816 1.3425 -0.0036 265.0127 267.9207
3.8500 498.5954 0.3178 -8.2833 -2.2732 2.2654 4.1556 0.0000 0.0000 0.0000 -3.8767 1.4953 -0.0006 265.0167 267.2899
3.9500 492.4754 -0.2092 -8.1295 -1.4217 1.9372 4.2588 0.0000 0.0000 0.0000 -2.1045 1.6569 -0.0003 265.1705 266.5922
4.0500 486.3555 -0.2301 -8.1434 -0.7379 1.6554 4.3080 0.0000 0.0000 0.0000 -0.8617 1.7956 -0.0003 265.1566 265.8945
4.1500 480.2355 -0.1156 -8.4417 -0.3385 1.4260 4.2622 0.0000 0.0000 0.0000 -0.1965 1.9050 -0.0001 264.8583 265.1968
4.2500 474.1156 -0.0257 -8.9428 -0.1420 1.2362 4.1503 0.0000 0.0000 0.0000 0.0972 1.9900 -0.0000 264.3572 264.4992
4.3500 467.9956 0.0159 -9.5544 -0.0559 1.0743 4.0061 0.0000 0.0000 0.0000 0.1995 2.0552 -0.0000 263.7455 263.8015
4.4500 461.8756 0.0267 -10.2185 -0.0224 0.9339 3.8504 0.0000 0.0000 0.0000 0.2141 2.1029 -0.0000 263.0815 263.1038
4.5500 455.7557 0.0244 -10.9067 -0.0129 0.8117 3.6932 0.0000 0.0000 0.0000 0.1879 2.1339 -0.0000 262.3932 262.4062
4.6500 449.6660 0.0195 -11.6108 -0.0167 0.7059 3.5371 0.0000 0.0000 0.0000 0.1639 2.1477 -0.0000 261.6892 261.7059
4.7500 444.0543 0.0152 -12.3398 -0.0050 0.6157 3.3765 0.0000 0.0000 0.0000 0.1485 2.1431 -0.0000 260.9601 260.9652
4.8500 438.4427 0.0114 -13.0771 -0.0015 0.5383 3.2203 0.0000 0.0000 0.0000 0.1248 2.1218 -0.0000 260.2229 260.2244
4.9500 432.8310 0.0082 -13.8168 -0.0005 0.4719 3.0701 0.0000 0.0000 0.0000 0.1014 2.0845 -0.0000 259.4832 259.4837
5.0500 427.2193 0.0059 -14.5572 -0.0002 0.4147 2.9260 0.0000 0.0000 0.0000 0.0804 2.0314 -0.0000 258.7428 258.7430
5.1500 421.6076 0.0041 -15.2979 -0.0001 0.3657 2.7881 0.0000 0.0000 0.0000 0.0622 1.9620 -0.0000 258.0021 258.0022
5.2500 415.9959 0.0027 -16.0387 -0.0002 0.3236 2.6560 0.0000 0.0000 0.0000 0.0457 1.8748 -0.0000 257.2613 257.2615
5.3500 410.3843 0.0014 -16.7802 -0.0009 0.2875 2.5295 0.0000 0.0000 0.0000 0.0271 1.7676 -0.0000 256.5198 256.5207
5.4500 404.7726 0.0002 -17.5245 -0.0045 0.2565 2.4078 0.0000 0.0000 0.0000 0.0016 1.6373 -0.0000 255.7755 255.7800
5.5500 399.2387 -0.0001 -18.2841 -0.0123 0.2297 2.2881 0.0000 0.0000 0.0000 -0.0038 1.4794 -0.0000 255.0159 255.0282
5.6500 394.1470 0.0001 -19.0886 -0.0021 0.2063 2.1629 0.0000 0.0000 0.0000 0.0051 1.2879 -0.0000 254.2114 254.2135
5.7500 389.0554 0.0000 -19.9015 -0.0003 0.1856 2.0425 0.0000 0.0000 0.0000 0.0000 1.0540 -0.0000 253.3985 253.3988
5.8500 383.9638 0.0000 -20.7158 0.0000 0.1666 1.9278 0.0000 0.0000 0.0000 0.0000 0.7651 0.0000 252.5842 252.5842
5.9500 378.8721 0.0000 -21.5305 0.0000 0.1609 1.8188 0.0000 0.0000 0.0000 0.0000 0.7663 0.0000 251.7695 251.7695
6.0500 373.7805 0.0000 -22.3451 0.0000 0.1552 1.7155 0.0000 0.0000 0.0000 0.0000 0.7675 0.0000 250.9549 250.9549
6.1500 368.6888 0.0000 -23.1598 0.0000 0.1496 1.6174 0.0000 0.0000 0.0000 0.0000 0.7687 0.0000 250.1402 250.1402
6.2500 363.5972 0.0000 -23.9745 0.0000 0.1441 1.5244 0.0000 0.0000 0.0000 0.0000 0.7699 0.0000 249.3255 249.3255
6.3500 358.5055 0.0000 -24.7891 0.0000 0.1387 1.4362 0.0000 0.0000 0.0000 0.0000 0.7711 0.0000 248.5109 248.5109
6.4500 353.4138 0.0000 -25.6038 0.0000 0.1334 1.3527 0.0000 0.0000 0.0000 0.0000 0.7723 0.0000 247.6962 247.6962
6.5500 348.4981 0.0000 -26.3843 0.0000 0.1265 1.2769 0.0000 0.0000 0.0000 0.0000 0.7735 0.0000 246.9157 246.9157
6.6500 343.9402 0.0000 -27.0953 0.0000 0.1167 1.2115 0.0000 0.0000 0.0000 0.0000 0.7747 0.0000 246.2047 246.2047
6.7500 339.3823 0.0000 -27.8064 0.0000 0.1076 1.1492 0.0000 0.0000 0.0000 0.0000 0.7759 0.0000 245.4936 245.4936
6.8500 334.8245 0.0000 -28.5174 0.0000 0.0991 1.0897 0.0000 0.0000 0.0000 0.0000 0.7771 0.0000 244.7826 244.7826
6.9500 330.2665 0.0000 -29.2284 0.0000 0.0911 1.0331 0.0000 0.0000 0.0000 0.0000 0.7783 0.0000 244.0716 244.0716
7.0500 325.7086 0.0000 -29.9395 0.0000 0.0836 0.9792 0.0000 0.0000 0.0000 0.0000 0.7795 0.0000 243.3605 243.3605
7.1500 321.1508 0.0000 -30.6505 0.0000 0.0767 0.9278 0.0000 0.0000 0.0000 0.0000 0.7807 0.0000 242.6495 242.6495
7.2500 316.5929 0.0000 -31.3615 0.0000 0.0703 0.8789 0.0000 0.0000 0.0000 0.0000 0.7819 0.0000 241.9385 241.9385
7.3500 312.0350 0.0000 -32.0725 0.0000 0.0643 0.8323 0.0000 0.0000 0.0000 0.0000 0.7831 0.0000 241.2274 241.2274
7.4500 307.4771 0.0000 -32.7836 0.0000 0.0587 0.7881 0.0000 0.0000 0.0000 0.0000 0.7843 0.0000 240.5164 240.5164
7.5500 302.9193 0.0000 -33.4946 0.0000 0.0535 0.7459 0.0000 0.0000 0.0000 0.0000 0.7855 0.0000 239.8054 239.8054
7.6500 298.5722 0.0000 -34.1556 0.0000 0.0500 0.7089 0.0000 0.0000 0.0000 0.0000 0.7867 0.0000 239.1444 239.1444
7.7500 294.6008 0.0000 -34.7275 0.0000 0.0490 0.6787 0.0000 0.0000 0.0000 0.0000 0.7879 0.0000 238.5725 238.5725
7.8500 290.6294 0.0000 -35.2994 0.0000 0.0479 0.6497 0.0000 0.0000 0.0000 0.0000 0.7891 0.0000 238.0006 238.0006
7.9500 286.6580 0.0000 -35.8712 0.0000 0.0468 0.6219 0.0000 0.0000 0.0000 0.0000 0.7903 0.0000 237.4287 237.4287
8.0500 282.6866 0.0000 -36.4431 0.0000 0.0458 0.5951 0.0000 0.0000 0.0000 0.0000 0.7915 0.0000 236.8569 236.8569
8.1500 278.7152 0.0000 -37.0150 0.0000 0.0447 0.5695 0.0000 0.0000 0.0000 0.0000 0.7927 0.0000 236.2850 236.2850
8.2500 274.7438 0.0000 -37.5869 0.0000 0.0436 0.5449 0.0000 0.0000 0.0000 0.0000 0.7939 0.0000 235.7131 235.7131
8.3500 270.7724 0.0000 -38.1588 0.0000 0.0426 0.5212 0.0000 0.0000 0.0000 0.0000 0.7951 0.0000 235.1412 235.1412
8.4500 266.8010 0.0000 -38.7307 0.0000 0.0415 0.4986 0.0000 0.0000 0.0000 0.0000 0.7963 0.0000 234.5693 234.5693
8.5500 262.8296 0.0000 -39.3025 0.0000 0.0405 0.4769 0.0000 0.0000 0.0000 0.0000 0.7975 0.0000 233.9975 233.9975
8.6500 258.8582 0.0000 -39.8744 0.0000 0.0394 0.4560 0.0000 0.0000 0.0000 0.0000 0.7987 0.0000 233.4256 233.4256
8.7500 254.8867 0.0000 -40.4463 0.0000 0.0384 0.4361 0.0000 0.0000 0.0000 0.0000 0.7999 0.0000 232.8537 232.8537
8.8500 250.9153 0.0000 -41.0182 0.0000 0.0374 0.4169 0.0000 0.0000 0.0000 0.0000 0.8011 0.0000 232.2818 232.2818
8.9500 247.2866 0.0000 -41.6710 0.0000 0.0381 0.3946 0.0000 0.0000 0.0000 0.0000 0.8023 0.0000 231.6290 231.6290
9.0500 243.7605 0.0000 -42.3480 0.0000 0.0391 0.3722 0.0000 0.0000 0.0000 0.0000 0.8035 0.0000 230.9520 230.9520
9.1500 240.2344 0.0000 -43.0250 0.0000 0.0398 0.3511 0.0000 0.0000 0.0000 0.0000 0.8047 0.0000 230.2750 230.2750
9.2500 236.7083 0.0000 -43.7020 0.0000 0.0403 0.3310 0.0000 0.0000 0.0000 0.0000 0.8059 0.0000 229.5980 229.5980
9.3500 233.1822 0.0000 -44.3790 0.0000 0.0407 0.3120 0.0000 0.0000 0.0000 0.0000 0.8071 0.0000 228.9210 228.9210
9.4500 229.6561 0.0000 -45.0560 0.0000 0.0408 0.2939 0.0000 0.0000 0.0000 0.0000 0.8083 0.0000 228.2440 228.2440
9.5500 226.1301 0.0000 -45.7330 0.0000 0.0408 0.2769 0.0000 0.0000 0.0000 0.0000 0.8095 0.0000 227.5670 227.5670
9.6500 222.8080 0.0000 -46.3709 0.0000 0.0409 0.2617 0.0000 0.0000 0.0000 0.0000 0.8107 0.0000 226.9291 226.9291
9.7500 219.5822 0.0000 -46.9902 0.0000 0.0409 0.2476 0.0000 0.0000 0.0000 0.0000 0.8119 0.0000 226.3098 226.3098
9.8500 216.3564 0.0000 -47.6096 0.0000 0.0408 0.2343 0.0000 0.0000 0.0000 0.0000 0.8131 0.0000 225.6904 225.6904
9.9500 213.1306 0.0000 -48.2289 0.0000 0.0406 0.2216 0.0000 0.0000 0.0000 0.0000 0.8143 0.0000 225.0711 225.0711
10.0500 209.9048 0.0000 -48.8483 0.0000 0.0403 0.2095 0.0000 0.0000 0.0000 0.0000 0.8155 0.0000 224.4517 224.4517
10.1500 206.6790 0.0000 -49.4676 0.0000 0.0399 0.1981 0.0000 0.0000 0.0000 0.0000 0.8167 0.0000 223.8324 223.8324
10.2500 203.4532 0.0000 -50.0870 0.0000 0.0394 0.1872 0.0000 0.0000 0.0000 0.0000 0.8179 0.0000 223.2130 223.2130
10.3500 200.2274 0.0000 -50.7063 0.0000 0.0388 0.1769 0.0000 0.0000 0.0000 0.0000 0.8191 0.0000 222.5936 222.5936
10.4500 197.2979 0.0000 -51.2904 0.0000 0.0376 0.1676 0.0000 0.0000 0.0000 0.0000 0.8203 0.0000 222.0096 222.0096
10.5500 194.3909 0.0000 -51.8718 0.0000 0.0364 0.1588 0.0000 0.0000 0.0000 0.0000 0.8215 0.0000 221.4282 221.4282
10.6500 191.4839 0.0000 -52.4532 0.0000 0.0351 0.1504 0.0000 0.0000 0.0000 0.0000 0.8227 0.0000 220.8468 220.8468
10.7500 188.5770 0.0000 -53.0346 0.0000 0.0339 0.1424 0.0000 0.0000 0.0000 0.0000 0.8239 0.0000 220.2654 220.2654
10.8500 185.6700 0.0000 -53.6160 0.0000 0.0328 0.1348 0.0000 0.0000 0.0000 0.0000 0.8251 0.0000 219.6840 219.6840
10.9500 182.7630 0.0000 -54.1974 0.0000 0.0316 0.1276 0.0000 0.0000 0.0000 0.0000 0.8263 0.0000 219.1026 219.1026
11.0500 179.8560 0.0000 -54.7788 0.0000 0.0305 0.1208 0.0000 0.0000 0.0000 0.0000 0.8275 0.0000 218.5212 218.5212
11.1500 176.9491 0.0000 -55.3602 0.0000 0.0294 0.1143 0.0000 0.0000 0.0000 0.0000 0.8287 0.0000 217.9398 217.9398
11.2500 174.1481 0.0000 -55.9681 0.0000 0.0282 0.1077 0.0000 0.0000 0.0000 0.0000 0.8299 0.0000 217.3319 217.3319
11.3500 171.5628 0.0000 -56.6299 0.0000 0.0270 0.1006 0.0000 0.0000 0.0000 0.0000 0.8311 0.0000 216.6701 216.6701
11.4500 168.9775 0.0000 -57.2918 0.0000 0.0258 0.0940 0.0000 0.0000 0.0000 0.0000 0.8323 0.0000 216.0082 216.0082
11.5500 166.3921 0.0000 -57.9536 0.0000 0.0246 0.0878 0.0000 0.0000 0.0000 0.0000 0.8335 0.0000 215.3464 215.3464
11.6500 163.8068 0.0000 -58.6154 0.0000 0.0235 0.0819 0.0000 0.0000 0.0000 0.0000 0.8347 0.0000 214.6845 214.6845
11.7500 161.2215 0.0000 -59.2773 0.0000 0.0224 0.0765 0.0000 0.0000 0.0000 0.0000 0.8359 0.0000 214.0227 214.0227
11.8500 158.6362 0.0000 -59.9391 0.0000 0.0213 0.0713 0.0000 0.0000 0.0000 0.0000 0.8371 0.0000 213.3609 213.3609
11.9500 156.0509 0.0000 -60.6010 0.0000 0.0203 0.0665 0.0000 0.0000 0.0000 0.0000 0.8383 0.0000 212.6990 212.6990
12.0500 153.4656 0.0000 -61.2628 0.0000 0.0193 0.0620 0.0000 0.0000 0.0000 0.0000 0.8395 0.0000 212.0372 212.0372
12.1500 150.8802 0.0000 -61.9247 0.0000 0.0184 0.0577 0.0000 0.0000 0.0000 0.0000 0.8407 0.0000 211.3753 211.3753
12.2500 148.5133 0.0000 -62.5247 0.0000 0.0176 0.0542 0.0000 0.0000 0.0000 0.0000 0.8419 0.0000 210.7753 210.7753
12.3500 146.2590 0.0000 -63.0927 0.0000 0.0169 0.0509 0.0000 0.0000 0.0000 0.0000 0.8431 0.0000 210.2073 210.2073
12.4500 144.0047 0.0000 -63.6608 0.0000 0.0163 0.0479 0.0000 0.0000 0.0000 0.0000 0.8443 0.0000 209.6392 209.6392
12.5500 141.7504 0.0000 -64.2289 0.0000 0.0156 0.0451 0.0000 0.0000 0.0000 0.0000 0.8455 0.0000 209.0711 209.0711
12.6500 139.4961 0.0000 -64.7970 0.0000 0.0150 0.0424 0.0000 0.0000 0.0000 0.0000 0.8467 0.0000 208.5030 208.5030
12.7500 137.2418 0.0000 -65.3651 0.0000 0.0144 0.0398 0.0000 0.0000 0.0000 0.0000 0.8479 0.0000 207.9349 207.9349
12.8500 134.9875 0.0000 -65.9331 0.0000 0.0138 0.0374 0.0000 0.0000 0.0000 0.0000 0.8491 0.0000 207.3669 207.3669
12.9500 132.7333 0.0000 -66.5012 0.0000 0.0132 0.0351 0.0000 0.0000 0.0000 0.0000 0.8503 0.0000 206.7988 206.7988
13.0500 130.4790 0.0000 -67.0693 0.0000 0.0126 0.0330 0.0000 0.0000 0.0000 0.0000 0.8515 0.0000 206.2307 206.2307
13.1500 128.2247 0.0000 -67.6374 0.0000 0.0121 0.0310 0.0000 0.0000 0.0000 0.0000 0.8527 0.0000 205.6626 205.6626
13.2500 125.9704 0.0000 -68.2054 0.0000 0.0115 0.0291 0.0000 0.0000 0.0000 0.0000 0.8539 0.0000 205.0945 205.0945
13.3500 123.9254 0.0000 -68.5961 0.0000 0.0112 0.0279 0.0000 0.0000 0.0000 0.0000 0.8551 0.0000 204.7038 204.7038
13.4500 122.0387 0.0000 -68.8527 0.0000 0.0111 0.0274 0.0000 0.0000 0.0000 0.0000 0.8563 0.0000 204.4473 204.4473
13.5500 120.1519 0.0000 -69.1093 0.0000 0.0110 0.0268 0.0000 0.0000 0.0000 0.0000 0.8575 0.0000 204.1906 204.1906
13.6500 118.2651 0.0000 -69.3660 0.0000 0.0108 0.0262 0.0000 0.0000 0.0000 0.0000 0.8587 0.0000 203.9340 203.9340
13.7500 116.3783 0.0000 -69.6226 0.0000 0.0107 0.0257 0.0000 0.0000 0.0000 0.0000 0.8599 0.0000 203.6774 203.6774
13.8500 114.4915 0.0000 -69.8792 0.0000 0.0106 0.0251 0.0000 0.0000 0.0000 0.0000 0.8611 0.0000 203.4208 203.4208
13.9500 112.6047 0.0000 -70.1358 0.0000 0.0105 0.0246 0.0000 0.0000 0.0000 0.0000 0.8623 0.0000 203.1642 203.1642
14.0500 110.7179 0.0000 -70.3924 0.0000 0.0103 0.0241 0.0000 0.0000 0.0000 0.0000 0.8635 0.0000 202.9076 202.9076
14.1500 108.8311 0.0000 -70.6490 0.0000 0.0102 0.0236 0.0000 0.0000 0.0000 0.0000 0.8647 0.0000 202.6510 202.6510
14.2500 106.9443 0.0000 -70.9056 0.0000 0.0101 0.0231 0.0000 0.0000 0.0000 0.0000 0.8659 0.0000 202.3944 202.3944
14.3500 105.0575 0.0000 -71.1622 0.0000 0.0100 0.0227 0.0000 0.0000 0.0000 0.0000 0.8671 0.0000 202.1378 202.1378
14.4500 103.1707 0.0000 -71.4188 0.0000 0.0099 0.0222 0.0000 0.0000 0.0000 0.0000 0.8683 0.0000 201.8812 201.8812
14.5500 101.2839 0.0000 -71.6754 0.0000 0.0097 0.0218 0.0000 0.0000 0.0000 0.0000 0.8695 0.0000 201.6246 201.6246
14.6500 99.5455 0.0000 -71.7970 0.0000 0.0097 0.0218 0.0000 0.0000 0.0000 0.0000 0.8707 0.0000 201.5030 201.5030
14.7500 98.1230 0.0000 -71.6310 0.0000 0.0097 0.0226 0.0000 0.0000 0.0000 0.0000 0.8719 0.0000 201.6690 201.6690
14.8500 96.7005 0.0000 -71.4651 0.0000 0.0097 0.0235 0.0000 0.0000 0.0000 0.0000 0.8731 0.0000 201.8349 201.8349
14.9500 95.2781 0.0000 -71.2991 0.0000 0.0097 0.0245 0.0000 0.0000 0.0000 0.0000 0.8743 0.0000 202.0009 202.0009
15.0500 93.8556 0.0000 -71.1331 0.0000 0.0097 0.0255 0.0000 0.0000 0.0000 0.0000 0.8755 0.0000 202.1668 202.1668
15.1500 92.4331 0.0000 -70.9672 0.0000 0.0097 0.0265 0.0000 0.0000 0.0000 0.0000 0.8767 0.0000 202.3328 202.3328
15.2500 91.0107 0.0000 -70.8012 0.0000 0.0096 0.0276 0.0000 0.0000 0.0000 0.0000 0.8779 0.0000 202.4987 202.4987
15.3500 89.5882 0.0000 -70.6353 0.0000 0.0095 0.0287 0.0000 0.0000 0.0000 0.0000 0.8791 0.0000 202.6647 202.6647
15.4500 88.1657 0.0000 -70.4693 0.0000 0.0095 0.0299 0.0000 0.0000 0.0000 0.0000 0.8803 0.0000 202.8307 202.8307
15.5500 86.7432 0.0000 -70.3034 0.0000 0.0093 0.0312 0.0000 0.0000 0.0000 0.0000 0.8815 0.0000 202.9966 202.9966
15.6500 85.3207 0.0000 -70.1374 0.0000 0.0092 0.0325 0.0000 0.0000 0.0000 0.0000 0.8827 0.0000 203.1626 203.1626
15.7500 83.8983 0.0000 -69.9715 0.0000 0.0090 0.0338 0.0000 0.0000 0.0000 0.0000 0.8839 0.0000 203.3285 203.3285
15.8500 82.4758 0.0000 -69.8055 0.0000 0.0089 0.0352 0.0000 0.0000 0.0000 0.0000 0.8851 0.0000 203.4945 203.4945
15.9500 81.0533 0.0000 -69.6395 0.0000 0.0086 0.0367 0.0000 0.0000 0.0000 0.0000 0.8863 0.0000 203.6604 203.6604
16.0500 79.6309 0.0000 -69.4736 0.0000 0.0084 0.0383 0.0000 0.0000 0.0000 0.0000 0.8875 0.0000 203.8264 203.8264
16.1500 78.2084 0.0000 -69.3076 0.0000 0.0081 0.0400 0.0000 0.0000 0.0000 0.0000 0.8887 0.0000 203.9924 203.9924
16.2500 76.7859 0.0000 -69.1417 0.0000 0.0078 0.0417 0.0000 0.0000 0.0000 0.0000 0.8899 0.0000 204.1583 204.1583
16.3500 75.3634 0.0000 -68.9757 0.0000 0.0074 0.0435 0.0000 0.0000 0.0000 0.0000 0.8911 0.0000 204.3243 204.3243
16.4500 73.9409 0.0000 -68.8098 0.0000 0.0070 0.0454 0.0000 0.0000 0.0000 0.0000 0.8923 0.0000 204.4902 204.4902
16.5500 72.5185 0.0000 -68.6438 0.0000 0.0066 0.0474 0.0000 0.0000 0.0000 0.0000 0.8935 0.0000 204.6562 204.6562
16.6500 71.0960 0.0000 -68.4779 0.0000 0.0061 0.0496 0.0000 0.0000 0.0000 0.0000 0.8947 0.0000 204.8221 204.8221
16.7500 69.7757 0.0000 -68.2782 0.0000 0.0057 0.0520 0.0000 0.0000 0.0000 0.0000 0.8959 0.0000 205.0218 205.0218
16.8500 68.7981 0.0000 -67.9654 0.0000 0.0058 0.0551 0.0000 0.0000 0.0000 0.0000 0.8971 0.0000 205.3346 205.3346
16.9500 67.8206 0.0000 -67.6526 0.0000 0.0059 0.0584 0.0000 0.0000 0.0000 0.0000 0.8983 0.0000 205.6474 205.6474
17.0500 66.8431 0.0000 -67.3398 0.0000 0.0059 0.0620 0.0000 0.0000 0.0000 0.0000 0.8995 0.0000 205.9602 205.9602
17.1500 65.8656 0.0000 -67.0270 0.0000 0.0060 0.0658 0.0000 0.0000 0.0000 0.0000 0.9007 0.0000 206.2730 206.2730
17.2500 64.8881 0.0000 -66.7142 0.0000 0.0061 0.0698 0.0000 0.0000 0.0000 0.0000 0.9019 0.0000 206.5858 206.5858
17.3500 63.9106 0.0000 -66.4014 0.0000 0.0061 0.0740 0.0000 0.0000 0.0000 0.0000 0.9031 0.0000 206.8986 206.8986
17.4500 62.9330 0.0000 -66.0886 0.0000 0.0061 0.0785 0.0000 0.0000 0.0000 0.0000 0.9043 0.0000 207.2114 207.2114
17.5500 61.9555 0.0000 -65.7758 0.0000 0.0061 0.0833 0.0000 0.0000 0.0000 0.0000 0.9055 0.0000 207.5242 207.5242
17.6500 60.9780 0.0000 -65.4630 0.0000 0.0061 0.0884 0.0000 0.0000 0.0000 0.0000 0.9067 0.0000 207.8370 207.8370
17.7500 60.0005 0.0000 -65.1501 0.0000 0.0061 0.0938 0.0000 0.0000 0.0000 0.0000 0.9079 0.0000 208.1498 208.1498
17.8500 59.0230 0.0000 -64.8373 0.0000 0.0060 0.0996 0.0000 0.0000 0.0000 0.0000 0.9091 0.0000 208.4626 208.4626
17.9500 58.0454 0.0000 -64.5245 0.0000 0.0059 0.1057 0.0000 0.0000 0.0000 0.0000 0.9103 0.0000 208.7755 208.7755
18.0500 57.0679 0.0000 -64.2117 0.0000 0.0058 0.1122 0.0000 0.0000 0.0000 0.0000 0.9115 0.0000 209.0883 209.0883
18.1500 56.0904 0.0000 -63.8989 0.0000 0.0056 0.1191 0.0000 0.0000 0.0000 0.0000 0.9127 0.0000 209.4011 209.4011
18.2500 55.1129 0.0000 -63.5861 0.0000 0.0054 0.1265 0.0000 0.0000 0.0000 0.0000 0.9139 0.0000 209.7139 209.7139
18.3500 54.1354 0.0000 -63.2733 0.0000 0.0052 0.1343 0.0000 0.0000 0.0000 0.0000 0.9151 0.0000 210.0267 210.0267
18.4500 53.1579 0.0000 -62.9605 0.0000 0.0049 0.1427 0.0000 0.0000 0.0000 0.0000 0.9163 0.0000 210.3395 210.3395
18.5500 52.1803 0.0000 -62.6477 0.0000 0.0045 0.1516 0.0000 0.0000 0.0000 0.0000 0.9175 0.0000 210.6523 210.6523
18.6500 51.2028 0.0000 -62.3349 0.0000 0.0041 0.1611 0.0000 0.0000 0.0000 0.0000 0.9187 0.0000 210.9651 210.9651
18.7500 50.2253 0.0000 -62.0221 0.0000 0.0036 0.1713 0.0000 0.0000 0.0000 0.0000 0.9199 0.0000 211.2779 211.2779
18.8500 49.5206 0.0000 -61.7894 0.0000 0.0035 0.1792 0.0000 0.0000 0.0000 0.0000 0.9211 0.0000 211.5106 211.5106
18.9500 48.8975 0.0000 -61.5807 0.0000 0.0035 0.1865 0.0000 0.0000 0.0000 0.0000 0.9223 0.0000 211.7193 211.7193
19.0500 48.2745 0.0000 -61.3719 0.0000 0.0036 0.1942 0.0000 0.0000 0.0000 0.0000 0.9235 0.0000 211.9281 211.9281
19.1500 47.6514 0.0000 -61.1632 0.0000 0.0036 0.2023 0.0000 0.0000 0.0000 0.0000 0.9247 0.0000 212.1368 212.1368
19.2500 47.0283 0.0000 -60.9545 0.0000 0.0036 0.2107 0.0000 0.0000 0.0000 0.0000 0.9259 0.0000 212.3455 212.3455
19.3500 46.4053 0.0000 -60.7458 0.0000 0.0036 0.2195 0.0000 0.0000 0.0000 0.0000 0.9271 0.0000 212.5542 212.5542
19.4500 45.7822 0.0000 -60.5370 0.0000 0.0037 0.2286 0.0000 0.0000 0.0000 0.0000 0.9283 0.0000 212.7629 212.7629
19.5500 45.1592 0.0000 -60.3283 0.0000 0.0037 0.2382 0.0000 0.0000 0.0000 0.0000 0.9295 0.0000 212.9717 212.9717
19.6500 44.5361 0.0000 -60.1196 0.0000 0.0037 0.2482 0.0000 0.0000 0.0000 0.0000 0.9307 0.0000 213.1804 213.1804
19.7500 43.9131 0.0000 -59.9109 0.0000 0.0037 0.2586 0.0000 0.0000 0.0000 0.0000 0.9319 0.0000 213.3891 213.3891
19.8500 43.2900 0.0000 -59.7021 0.0000 0.0037 0.2696 0.0000 0.0000 0.0000 0.0000 0.9331 0.0000 213.5978 213.5978
