height(km) press(hPa) W(M/S) T(C) T-TE(C) QV(g/kg) SAT(g/kg) QC(g/kg) QH(g/kg) QI(g/kg) "Buoy(1e-2 m/s2)" radius(m) dwdt_entr(unitless) plumeT(K) envT(K)
0.0000 859.9971 29.0519 31.8420 0.2932 4.2708 36.3804 0.0000 0.0000 0.0000 5.2146 1.4331 -0.0493 305.1420 304.8488
0.0500 855.3242 29.0387 31.2662 1.6333 4.2703 35.3502 0.0000 0.0000 0.0000 5.2146 1.4357 -0.0493 304.5662 302.9329
0.1500 845.8939 29.0953 30.2639 3.0930 4.2677 33.6745 0.0000 0.0000 0.0000 6.4751 1.4419 -0.0565 303.5638 300.4708
0.2500 836.3519 29.0656 29.2636 2.7417 4.2648 32.0803 0.0000 0.0000 0.0000 5.7257 1.4488 -0.0710 302.5636 299.8219
0.3500 826.8100 28.9825 28.2653 2.3922 4.2615 30.5590 0.0000 0.0000 0.0000 4.8933 1.4564 -0.0785 301.5652 299.1731
0.4500 817.4971 28.8417 27.2702 1.9703 4.2580 29.1011 0.0000 0.0000 0.0000 3.9602 1.4647 -0.0857 300.5702 298.5998
0.5500 808.2379 28.6421 26.2793 1.5350 4.2543 27.7121 0.0000 0.0000 0.0000 3.0359 1.4738 -0.0929 299.5793 298.0443
0.6500 799.0008 28.3850 25.2934 1.1234 4.2504 26.3910 0.0000 0.0000 0.0000 2.3136 1.4837 -0.0997 298.5934 297.4700
0.7500 789.9427 28.0891 24.3112 0.8658 4.2459 25.1271 0.0000 0.0000 0.0000 1.7705 1.4939 -0.1030 297.6112 296.7454
0.8500 780.8848 27.7693 23.3327 0.6119 4.2407 23.9239 0.0000 0.0000 0.0000 1.2828 1.5044 -0.1033 296.6327 296.0208
0.9500 771.9054 27.4309 22.3574 0.4044 4.2347 22.7751 0.0000 0.0000 0.0000 0.9417 1.5152 -0.1032 295.6573 295.2529
1.0500 763.0714 27.0823 21.3838 0.2790 4.2277 21.6747 0.0000 0.0000 0.0000 0.6957 1.5262 -0.1021 294.6838 294.4048
1.1500 754.2374 26.7255 20.4122 0.1554 4.2195 20.6249 0.0000 0.0000 0.0000 0.4334 1.5374 -0.1005 293.7122 293.5568
1.2500 745.5756 26.3587 19.4425 0.0261 4.2108 19.6190 0.0000 0.0000 0.0000 0.1393 1.5487 -0.0990 292.7425 292.7164
1.3500 737.0721 25.9805 18.4749 -0.1082 4.2023 18.6557 0.0000 0.0000 0.0000 -0.1663 1.5604 -0.0975 291.7749 291.8831
1.4500 728.5687 25.5907 17.5094 -0.2403 4.1939 17.7375 0.0000 0.0000 0.0000 -0.4658 1.5722 -0.0960 290.8094 291.0497
1.5500 720.0654 25.1892 16.5462 -0.3702 4.1855 16.8626 0.0000 0.0000 0.0000 -0.7592 1.5843 -0.0945 289.8462 290.2164
1.6500 711.5619 24.7759 15.5852 -0.4979 4.1770 16.0290 0.0000 0.0000 0.0000 -1.0468 1.5967 -0.0928 288.8852 289.3831
1.7500 703.0585 24.3509 14.6265 -0.6232 4.1682 15.2348 0.0000 0.0000 0.0000 -1.2949 1.6094 -0.0911 287.9265 288.5497
1.8500 694.8445 23.9184 13.6694 -0.7135 4.1595 14.4714 0.0000 0.0000 0.0000 -1.4850 1.6221 -0.0887 286.9694 287.6829
1.9500 686.7929 23.4848 12.7131 -0.7841 4.1509 13.7398 0.0000 0.0000 0.0000 -1.6513 1.6349 -0.0853 286.0131 286.7972
2.0500 678.7415 23.0517 11.7579 -0.8536 4.1424 13.0424 0.0000 0.0000 0.0000 -1.8132 1.6478 -0.0817 285.0579 285.9116
2.1500 670.6898 22.6186 10.8037 -0.9222 4.1339 12.3775 0.0000 0.0000 0.0000 -1.9712 1.6606 -0.0783 284.1037 285.0259
2.2500 662.6384 22.1849 9.8504 -0.9898 4.1251 11.7438 0.0000 0.0000 0.0000 -2.1253 1.6735 -0.0751 283.1504 284.1402
2.3500 654.5868 21.7495 8.8982 -1.0563 4.1160 11.1401 0.0000 0.0000 0.0000 -2.2874 1.6865 -0.0720 282.1982 283.2545
2.4500 646.7252 21.3114 7.9469 -1.1298 4.1068 10.5616 0.0000 0.0000 0.0000 -2.4731 1.6995 -0.0685 281.2469 282.3766
2.5500 639.1148 20.8749 6.9960 -1.2131 4.0979 10.0064 0.0000 0.0000 0.0000 -2.6715 1.7121 -0.0641 280.2960 281.5091
2.6500 631.5045 20.4436 6.0456 -1.2959 4.0891 9.4776 0.0000 0.0000 0.0000 -2.8674 1.7243 -0.0593 279.3456 280.6415
2.7500 623.8941 20.0166 5.0955 -1.3784 4.0804 8.9740 0.0000 0.0000 0.0000 -3.0612 1.7361 -0.0547 278.3955 279.7739
2.8500 616.2837 19.5925 4.1458 -1.4605 4.0717 8.4946 0.0000 0.0000 0.0000 -3.2534 1.7476 -0.0504 277.4458 278.9063
2.9500 608.6734 19.1709 3.1964 -1.5424 4.0630 8.0382 0.0000 0.0000 0.0000 -3.4443 1.7588 -0.0464 276.4963 278.0388
3.0500 601.0630 18.7493 2.2471 -1.6241 4.0543 7.6039 0.0000 0.0000 0.0000 -3.6764 1.7695 -0.0426 275.5471 277.1712
3.1500 593.8549 18.3218 1.2986 -1.7509 4.0448 7.1860 0.0000 0.0000 0.0000 -3.9576 1.7800 -0.0392 274.5985 276.3495
3.2500 586.7120 17.8848 0.3510 -1.8842 4.0344 6.7884 0.0000 0.0000 0.0000 -4.2466 1.7902 -0.0362 273.6510 275.5352
3.3500 579.5692 17.4359 -0.5954 -2.0163 4.0232 6.4109 0.0000 0.0000 0.0000 -4.5364 1.8002 -0.0335 272.7046 274.7209
3.4500 572.4263 16.9736 -1.5409 -2.1475 4.0113 6.0526 0.0000 0.0000 0.0000 -4.8272 1.8100 -0.0309 271.7591 273.9066
3.5500 565.2834 16.4944 -2.4853 -2.2776 3.9988 5.7127 0.0000 0.0000 0.0000 -5.1186 1.8197 -0.0285 270.8147 273.0923
3.6500 558.1406 15.9994 -3.4286 -2.4066 3.9857 5.3902 0.0000 0.0000 0.0000 -5.4112 1.8291 -0.0262 269.8714 272.2780
3.7500 550.9978 15.4748 -4.3711 -2.5348 3.9721 5.0844 0.0000 0.0000 0.0000 -5.9211 1.8383 -0.0240 268.9289 271.4637
3.8500 544.2722 14.8895 -5.3081 -2.8540 3.9563 4.7923 0.0000 0.0000 0.0000 -6.6789 1.8481 -0.0228 267.9919 270.8459
3.9500 537.6144 14.2258 -6.2378 -3.1979 3.9376 4.5172 0.0000 0.0000 0.0000 -7.4611 1.8587 -0.0224 267.0622 270.2601
4.0500 530.9566 13.4680 -7.1587 -3.5328 3.9156 4.2592 0.0000 0.0000 0.0000 -8.2568 1.8702 -0.0219 266.1413 269.6742
4.1500 524.2988 12.6073 -8.0936 -3.8819 3.8995 4.0099 0.0023 0.0000 0.0000 -8.9262 1.8827 -0.0211 265.2064 269.0883
4.2500 517.6411 11.6486 -8.8896 -4.0920 3.8278 3.8152 0.0317 0.0000 0.0000 -9.3146 1.8966 -0.0200 264.4104 268.5024
4.3500 510.9832 10.5830 -9.5476 -4.1642 3.7012 3.6691 0.1236 0.0000 0.0000 -9.5396 1.9121 -0.0186 263.7523 267.9165
4.4500 504.3254 9.3710 -10.1781 -4.2087 3.5643 3.5359 0.2197 0.0000 0.0000 -9.7195 1.9298 -0.0168 263.1219 267.3306
4.5500 497.8561 7.8789 -10.8089 -4.2445 3.4287 3.4058 0.3044 0.0000 0.0000 -9.8366 1.9511 -0.0143 262.4911 266.7356
4.6500 491.7361 5.7732 -11.4316 -4.2552 3.2959 3.2800 0.3560 0.0000 0.0000 -9.7724 1.9864 -0.0104 261.8684 266.1236
4.7500 485.6161 3.0325 -11.9686 -4.1802 3.1560 3.1804 0.3072 0.0000 0.0000 -8.9026 2.0765 -0.0052 261.3314 265.5116
4.8500 479.4962 0.5906 -11.9465 -3.5461 2.8571 3.2270 0.2199 0.0000 0.0000 -6.7570 2.2690 -0.0009 261.3535 264.8996
4.9500 473.3763 -0.6279 -11.4102 -2.3978 2.4198 3.4138 0.1494 0.0000 0.0000 -4.0706 2.5221 -0.0008 261.8898 264.2876
5.0500 467.2563 -0.7273 -10.9338 -1.3094 2.0262 3.5939 0.0889 0.0000 0.0000 -1.9112 2.7423 -0.0008 262.3662 263.6756
5.1500 461.1364 -0.4251 -10.8376 -0.6013 1.7146 3.6701 0.0594 0.0000 0.0000 -0.6794 2.8982 -0.0004 262.4623 263.0636
5.2500 455.0164 -0.1763 -11.1257 -0.2773 1.4749 3.6346 0.0401 0.0000 0.0000 -0.1574 3.0047 -0.0002 262.1743 262.4516
5.3500 448.9881 -0.0444 -11.6400 -0.1524 1.2774 3.5341 0.0285 0.0000 0.0000 0.0818 3.0766 -0.0000 261.6599 261.8123
5.4500 443.3764 0.0096 -12.3037 -0.0529 1.1085 3.3916 0.0216 0.0000 0.0000 0.2060 3.1205 -0.0000 260.9963 261.0492
5.5500 437.7648 0.0232 -13.0316 -0.0176 0.9616 3.2374 0.0161 0.0000 0.0000 0.2262 3.1418 -0.0000 260.2684 260.2860
5.6500 432.1531 0.0222 -13.7835 -0.0063 0.8320 3.0834 0.0117 0.0000 0.0000 0.2117 3.1437 -0.0000 259.5165 259.5228
5.7500 426.5414 0.0179 -14.5428 -0.0025 0.7170 2.9342 0.0084 0.0000 0.0000 0.1883 3.1281 -0.0000 258.7571 258.7596
5.8500 420.9297 0.0137 -15.3048 -0.0013 0.6152 2.7910 0.0060 0.0000 0.0000 0.1640 3.0964 -0.0000 257.9951 257.9964
5.9500 415.3181 0.0103 -16.0677 -0.0010 0.5253 2.6539 0.0043 0.0000 0.0000 0.1408 3.0494 -0.0000 257.2323 257.2332
6.0500 409.7064 0.0076 -16.8314 -0.0015 0.4464 2.5227 0.0031 0.0000 0.0000 0.1164 2.9873 -0.0000 256.4686 256.4701
6.1500 404.0947 0.0053 -17.5978 -0.0047 0.3777 2.3969 0.0022 0.0000 0.0000 0.0901 2.9097 -0.0000 255.7022 255.7069
6.2500 398.6237 0.0040 -18.3782 -0.0080 0.3185 2.2733 0.0016 0.0000 0.0000 0.0750 2.8155 -0.0000 254.9218 254.9298
6.3500 393.5320 0.0031 -19.1863 -0.0014 0.2678 2.1482 0.0011 0.0000 0.0000 0.0657 2.7034 -0.0000 254.1137 254.1151
6.4500 388.4403 0.0022 -19.9998 -0.0002 0.2245 2.0283 0.0008 0.0000 0.0000 0.0509 2.5719 -0.0000 253.3002 253.3004
6.5500 383.3487 0.0015 -20.8142 -0.0000 0.1874 1.9143 0.0005 0.0000 0.0000 0.0371 2.4190 -0.0000 252.4857 252.4858
6.6500 378.2571 0.0009 -21.6289 0.0000 0.1554 1.8061 0.0004 0.0000 0.0000 0.0250 2.2416 -0.0000 251.6711 251.6711
6.7500 373.1653 0.0005 -22.4435 0.0000 0.1274 1.7033 0.0002 0.0000 0.0000 0.0143 2.0357 -0.0000 250.8565 250.8564
6.8500 368.0737 0.0000 -23.2582 0.0000 0.1024 1.6059 0.0001 0.0000 0.0000 0.0000 1.7962 -0.0000 250.0418 250.0418
6.9500 362.9821 0.0000 -24.0729 0.0000 0.0790 1.5135 0.0000 0.0000 0.0000 0.0000 1.5165 0.0000 249.2271 249.2271
7.0500 357.8904 0.0000 -24.8875 0.0000 0.0788 1.4259 0.0000 0.0000 0.0000 0.0000 1.5177 0.0000 248.4125 248.4125
7.1500 352.7988 0.0000 -25.7022 0.0000 0.0783 1.3429 0.0000 0.0000 0.0000 0.0000 1.5189 0.0000 247.5978 247.5978
7.2500 347.9475 0.0000 -26.4579 0.0000 0.0773 1.2703 0.0000 0.0000 0.0000 0.0000 1.5201 0.0000 246.8421 246.8421
7.3500 343.3896 0.0000 -27.1416 0.0000 0.0757 1.2083 0.0000 0.0000 0.0000 0.0000 1.5213 0.0000 246.1584 246.1584
7.4500 338.8318 0.0000 -27.8252 0.0000 0.0741 1.1490 0.0000 0.0000 0.0000 0.0000 1.5225 0.0000 245.4747 245.4747
7.5500 334.2738 0.0000 -28.5089 0.0000 0.0724 1.0924 0.0000 0.0000 0.0000 0.0000 1.5237 0.0000 244.7911 244.7911
7.6500 329.7159 0.0000 -29.1926 0.0000 0.0707 1.0384 0.0000 0.0000 0.0000 0.0000 1.5249 0.0000 244.1074 244.1074
7.7500 325.1581 0.0000 -29.8763 0.0000 0.0690 0.9867 0.0000 0.0000 0.0000 0.0000 1.5261 0.0000 243.4237 243.4237
7.8500 320.6002 0.0000 -30.5600 0.0000 0.0673 0.9375 0.0000 0.0000 0.0000 0.0000 1.5273 0.0000 242.7400 242.7400
7.9500 316.0423 0.0000 -31.2437 0.0000 0.0655 0.8905 0.0000 0.0000 0.0000 0.0000 1.5285 0.0000 242.0563 242.0563
8.0500 311.4844 0.0000 -31.9273 0.0000 0.0638 0.8457 0.0000 0.0000 0.0000 0.0000 1.5297 0.0000 241.3727 241.3727
8.1500 306.9265 0.0000 -32.6110 0.0000 0.0620 0.8029 0.0000 0.0000 0.0000 0.0000 1.5309 0.0000 240.6890 240.6890
8.2500 302.3687 0.0000 -33.2947 0.0000 0.0603 0.7622 0.0000 0.0000 0.0000 0.0000 1.5321 0.0000 240.0053 240.0053
8.3500 298.0940 0.0000 -33.9359 0.0000 0.0586 0.7257 0.0000 0.0000 0.0000 0.0000 1.5333 0.0000 239.3641 239.3641
8.4500 294.1257 0.0000 -34.5311 0.0000 0.0571 0.6932 0.0000 0.0000 0.0000 0.0000 1.5345 0.0000 238.7688 238.7688
8.5500 290.1575 0.0000 -35.1264 0.0000 0.0556 0.6621 0.0000 0.0000 0.0000 0.0000 1.5357 0.0000 238.1736 238.1736
8.6500 286.1892 0.0000 -35.7216 0.0000 0.0541 0.6323 0.0000 0.0000 0.0000 0.0000 1.5369 0.0000 237.5784 237.5784
8.7500 282.2209 0.0000 -36.3168 0.0000 0.0526 0.6038 0.0000 0.0000 0.0000 0.0000 1.5381 0.0000 236.9831 236.9831
8.8500 278.2527 0.0000 -36.9121 0.0000 0.0511 0.5764 0.0000 0.0000 0.0000 0.0000 1.5393 0.0000 236.3879 236.3879
8.9500 274.2844 0.0000 -37.5073 0.0000 0.0497 0.5502 0.0000 0.0000 0.0000 0.0000 1.5405 0.0000 235.7927 235.7927
9.0500 270.3162 0.0000 -38.1026 0.0000 0.0482 0.5252 0.0000 0.0000 0.0000 0.0000 1.5417 0.0000 235.1974 235.1974
9.1500 266.3479 0.0000 -38.6978 0.0000 0.0468 0.5011 0.0000 0.0000 0.0000 0.0000 1.5429 0.0000 234.6022 234.6022
9.2500 262.3797 0.0000 -39.2930 0.0000 0.0454 0.4781 0.0000 0.0000 0.0000 0.0000 1.5441 0.0000 234.0069 234.0069
9.3500 258.4114 0.0000 -39.8883 0.0000 0.0441 0.4561 0.0000 0.0000 0.0000 0.0000 1.5453 0.0000 233.4117 233.4117
9.4500 254.4432 0.0000 -40.4835 0.0000 0.0427 0.4351 0.0000 0.0000 0.0000 0.0000 1.5465 0.0000 232.8165 232.8165
9.5500 250.4749 0.0000 -41.0788 0.0000 0.0414 0.4150 0.0000 0.0000 0.0000 0.0000 1.5477 0.0000 232.2212 232.2212
9.6500 246.8915 0.0000 -41.8090 0.0000 0.0414 0.3894 0.0000 0.0000 0.0000 0.0000 1.5489 0.0000 231.4910 231.4910
9.7500 243.3605 0.0000 -42.5576 0.0000 0.0413 0.3645 0.0000 0.0000 0.0000 0.0000 1.5501 0.0000 230.7424 230.7424
9.8500 239.8294 0.0000 -43.3062 0.0000 0.0410 0.3411 0.0000 0.0000 0.0000 0.0000 1.5513 0.0000 229.9938 229.9938
9.9500 236.2983 0.0000 -44.0548 0.0000 0.0406 0.3190 0.0000 0.0000 0.0000 0.0000 1.5525 0.0000 229.2452 229.2452
10.0500 232.7672 0.0000 -44.8033 0.0000 0.0401 0.2982 0.0000 0.0000 0.0000 0.0000 1.5537 0.0000 228.4966 228.4966
10.1500 229.2362 0.0000 -45.5519 0.0000 0.0394 0.2787 0.0000 0.0000 0.0000 0.0000 1.5549 0.0000 227.7481 227.7481
10.2500 225.7051 0.0000 -46.3005 0.0000 0.0387 0.2603 0.0000 0.0000 0.0000 0.0000 1.5561 0.0000 226.9995 226.9995
10.3500 222.4117 0.0000 -46.9677 0.0000 0.0388 0.2451 0.0000 0.0000 0.0000 0.0000 1.5573 0.0000 226.3323 226.3323
10.4500 219.1775 0.0000 -47.6145 0.0000 0.0390 0.2311 0.0000 0.0000 0.0000 0.0000 1.5585 0.0000 225.6855 225.6855
10.5500 215.9434 0.0000 -48.2613 0.0000 0.0390 0.2179 0.0000 0.0000 0.0000 0.0000 1.5597 0.0000 225.0387 225.0387
10.6500 212.7092 0.0000 -48.9082 0.0000 0.0389 0.2053 0.0000 0.0000 0.0000 0.0000 1.5609 0.0000 224.3918 224.3918
10.7500 209.4750 0.0000 -49.5550 0.0000 0.0386 0.1935 0.0000 0.0000 0.0000 0.0000 1.5621 0.0000 223.7450 223.7450
10.8500 206.2409 0.0000 -50.2018 0.0000 0.0383 0.1822 0.0000 0.0000 0.0000 0.0000 1.5633 0.0000 223.0982 223.0982
10.9500 203.0067 0.0000 -50.8486 0.0000 0.0378 0.1716 0.0000 0.0000 0.0000 0.0000 1.5645 0.0000 222.4513 222.4513
11.0500 199.7949 0.0000 -51.4894 0.0000 0.0372 0.1617 0.0000 0.0000 0.0000 0.0000 1.5657 0.0000 221.8106 221.8106
11.1500 196.8777 0.0000 -52.0495 0.0000 0.0359 0.1535 0.0000 0.0000 0.0000 0.0000 1.5669 0.0000 221.2505 221.2505
11.2500 193.9606 0.0000 -52.6096 0.0000 0.0346 0.1457 0.0000 0.0000 0.0000 0.0000 1.5681 0.0000 220.6904 220.6904
11.3500 191.0434 0.0000 -53.1697 0.0000 0.0333 0.1383 0.0000 0.0000 0.0000 0.0000 1.5693 0.0000 220.1303 220.1303
11.4500 188.1263 0.0000 -53.7298 0.0000 0.0321 0.1312 0.0000 0.0000 0.0000 0.0000 1.5705 0.0000 219.5702 219.5702
11.5500 185.2091 0.0000 -54.2899 0.0000 0.0308 0.1245 0.0000 0.0000 0.0000 0.0000 1.5717 0.0000 219.0101 219.0101
11.6500 182.2919 0.0000 -54.8499 0.0000 0.0297 0.1181 0.0000 0.0000 0.0000 0.0000 1.5729 0.0000 218.4500 218.4500
11.7500 179.3748 0.0000 -55.4100 0.0000 0.0285 0.1120 0.0000 0.0000 0.0000 0.0000 1.5741 0.0000 217.8900 217.8900
11.8500 176.4577 0.0000 -55.9701 0.0000 0.0274 0.1062 0.0000 0.0000 0.0000 0.0000 1.5753 0.0000 217.3298 217.3298
11.9500 173.7092 0.0000 -56.5185 0.0000 0.0262 0.1008 0.0000 0.0000 0.0000 0.0000 1.5765 0.0000 216.7815 216.7815
12.0500 171.1292 0.0000 -57.0551 0.0000 0.0249 0.0956 0.0000 0.0000 0.0000 0.0000 1.5777 0.0000 216.2449 216.2449
12.1500 168.5492 0.0000 -57.5918 0.0000 0.0236 0.0907 0.0000 0.0000 0.0000 0.0000 1.5789 0.0000 215.7082 215.7082
12.2500 165.9692 0.0000 -58.1284 0.0000 0.0224 0.0861 0.0000 0.0000 0.0000 0.0000 1.5801 0.0000 215.1716 215.1716
12.3500 163.3893 0.0000 -58.6650 0.0000 0.0212 0.0816 0.0000 0.0000 0.0000 0.0000 1.5813 0.0000 214.6349 214.6349
12.4500 160.8093 0.0000 -59.2017 0.0000 0.0201 0.0774 0.0000 0.0000 0.0000 0.0000 1.5825 0.0000 214.0983 214.0983
12.5500 158.2293 0.0000 -59.7383 0.0000 0.0191 0.0734 0.0000 0.0000 0.0000 0.0000 1.5837 0.0000 213.5617 213.5617
12.6500 155.6493 0.0000 -60.2749 0.0000 0.0181 0.0696 0.0000 0.0000 0.0000 0.0000 1.5849 0.0000 213.0251 213.0251
12.7500 153.0694 0.0000 -60.8116 0.0000 0.0171 0.0659 0.0000 0.0000 0.0000 0.0000 1.5861 0.0000 212.4884 212.4884
12.8500 150.4894 0.0000 -61.3482 0.0000 0.0162 0.0625 0.0000 0.0000 0.0000 0.0000 1.5873 0.0000 211.9518 211.9518
12.9500 148.1766 0.0000 -61.9606 0.0000 0.0159 0.0585 0.0000 0.0000 0.0000 0.0000 1.5885 0.0000 211.3394 211.3394
13.0500 145.9264 0.0000 -62.5906 0.0000 0.0155 0.0546 0.0000 0.0000 0.0000 0.0000 1.5897 0.0000 210.7094 210.7094
13.1500 143.6761 0.0000 -63.2207 0.0000 0.0152 0.0510 0.0000 0.0000 0.0000 0.0000 1.5909 0.0000 210.0793 210.0793
13.2500 141.4259 0.0000 -63.8507 0.0000 0.0148 0.0475 0.0000 0.0000 0.0000 0.0000 1.5921 0.0000 209.4492 209.4492
13.3500 139.1757 0.0000 -64.4808 0.0000 0.0144 0.0443 0.0000 0.0000 0.0000 0.0000 1.5933 0.0000 208.8192 208.8192
13.4500 136.9255 0.0000 -65.1109 0.0000 0.0140 0.0413 0.0000 0.0000 0.0000 0.0000 1.5945 0.0000 208.1891 208.1891
13.5500 134.6753 0.0000 -65.7409 0.0000 0.0136 0.0385 0.0000 0.0000 0.0000 0.0000 1.5957 0.0000 207.5591 207.5591
13.6500 132.4250 0.0000 -66.3710 0.0000 0.0131 0.0359 0.0000 0.0000 0.0000 0.0000 1.5969 0.0000 206.9290 206.9290
13.7500 130.1748 0.0000 -67.0011 0.0000 0.0127 0.0334 0.0000 0.0000 0.0000 0.0000 1.5981 0.0000 206.2989 206.2989
13.8500 127.9246 0.0000 -67.6311 0.0000 0.0122 0.0311 0.0000 0.0000 0.0000 0.0000 1.5993 0.0000 205.6689 205.6689
13.9500 125.6743 0.0000 -68.2612 0.0000 0.0117 0.0289 0.0000 0.0000 0.0000 0.0000 1.6005 0.0000 205.0388 205.0388
14.0500 123.6826 0.0000 -68.5817 0.0000 0.0115 0.0281 0.0000 0.0000 0.0000 0.0000 1.6017 0.0000 204.7182 204.7182
14.1500 121.8015 0.0000 -68.7699 0.0000 0.0113 0.0277 0.0000 0.0000 0.0000 0.0000 1.6029 0.0000 204.5301 204.5301
14.2500 119.9204 0.0000 -68.9580 0.0000 0.0112 0.0274 0.0000 0.0000 0.0000 0.0000 1.6041 0.0000 204.3420 204.3420
14.3500 118.0393 0.0000 -69.1461 0.0000 0.0110 0.0271 0.0000 0.0000 0.0000 0.0000 1.6053 0.0000 204.1539 204.1539
14.4500 116.1582 0.0000 -69.3342 0.0000 0.0109 0.0268 0.0000 0.0000 0.0000 0.0000 1.6065 0.0000 203.9658 203.9658
14.5500 114.2771 0.0000 -69.5223 0.0000 0.0108 0.0265 0.0000 0.0000 0.0000 0.0000 1.6077 0.0000 203.7777 203.7777
14.6500 112.3959 0.0000 -69.7104 0.0000 0.0106 0.0262 0.0000 0.0000 0.0000 0.0000 1.6089 0.0000 203.5896 203.5896
14.7500 110.5148 0.0000 -69.8985 0.0000 0.0105 0.0260 0.0000 0.0000 0.0000 0.0000 1.6101 0.0000 203.4015 203.4015
14.8500 108.6337 0.0000 -70.0866 0.0000 0.0104 0.0257 0.0000 0.0000 0.0000 0.0000 1.6113 0.0000 203.2134 203.2134
14.9500 106.7526 0.0000 -70.2747 0.0000 0.0102 0.0254 0.0000 0.0000 0.0000 0.0000 1.6125 0.0000 203.0253 203.0253
15.0500 104.8715 0.0000 -70.4628 0.0000 0.0101 0.0252 0.0000 0.0000 0.0000 0.0000 1.6137 0.0000 202.8371 202.8371
15.1500 102.9904 0.0000 -70.6510 0.0000 0.0100 0.0249 0.0000 0.0000 0.0000 0.0000 1.6149 0.0000 202.6490 202.6490
15.2500 101.1093 0.0000 -70.8391 0.0000 0.0099 0.0247 0.0000 0.0000 0.0000 0.0000 1.6161 0.0000 202.4609 202.4609
15.3500 99.4177 0.0000 -70.9015 0.0000 0.0098 0.0249 0.0000 0.0000 0.0000 0.0000 1.6173 0.0000 202.3985 202.3985
15.4500 97.9986 0.0000 -70.7832 0.0000 0.0098 0.0257 0.0000 0.0000 0.0000 0.0000 1.6185 0.0000 202.5168 202.5168
15.5500 96.5795 0.0000 -70.6649 0.0000 0.0098 0.0265 0.0000 0.0000 0.0000 0.0000 1.6197 0.0000 202.6350 202.6350
15.6500 95.1604 0.0000 -70.5467 0.0000 0.0097 0.0274 0.0000 0.0000 0.0000 0.0000 1.6209 0.0000 202.7533 202.7533
15.7500 93.7413 0.0000 -70.4284 0.0000 0.0097 0.0283 0.0000 0.0000 0.0000 0.0000 1.6221 0.0000 202.8716 202.8716
15.8500 92.3222 0.0000 -70.3102 0.0000 0.0096 0.0292 0.0000 0.0000 0.0000 0.0000 1.6233 0.0000 202.9898 202.9898
15.9500 90.9031 0.0000 -70.1919 0.0000 0.0095 0.0302 0.0000 0.0000 0.0000 0.0000 1.6245 0.0000 203.1081 203.1081
16.0500 89.4839 0.0000 -70.0737 0.0000 0.0094 0.0312 0.0000 0.0000 0.0000 0.0000 1.6257 0.0000 203.2263 203.2263
16.1500 88.0648 0.0000 -69.9554 0.0000 0.0093 0.0323 0.0000 0.0000 0.0000 0.0000 1.6269 0.0000 203.3446 203.3446
16.2500 86.6457 0.0000 -69.8371 0.0000 0.0092 0.0334 0.0000 0.0000 0.0000 0.0000 1.6281 0.0000 203.4628 203.4628
16.3500 85.2266 0.0000 -69.7189 0.0000 0.0091 0.0345 0.0000 0.0000 0.0000 0.0000 1.6293 0.0000 203.5811 203.5811
16.4500 83.8075 0.0000 -69.6006 0.0000 0.0089 0.0357 0.0000 0.0000 0.0000 0.0000 1.6305 0.0000 203.6994 203.6994
16.5500 82.3884 0.0000 -69.4824 0.0000 0.0087 0.0370 0.0000 0.0000 0.0000 0.0000 1.6317 0.0000 203.8176 203.8176
16.6500 80.9693 0.0000 -69.3641 0.0000 0.0085 0.0383 0.0000 0.0000 0.0000 0.0000 1.6329 0.0000 203.9359 203.9359
16.7500 79.5502 0.0000 -69.2458 0.0000 0.0083 0.0396 0.0000 0.0000 0.0000 0.0000 1.6341 0.0000 204.0541 204.0541
16.8500 78.1311 0.0000 -69.1276 0.0000 0.0080 0.0411 0.0000 0.0000 0.0000 0.0000 1.6353 0.0000 204.1724 204.1724
16.9500 76.7120 0.0000 -69.0093 0.0000 0.0078 0.0425 0.0000 0.0000 0.0000 0.0000 1.6365 0.0000 204.2907 204.2907
17.0500 75.2928 0.0000 -68.8911 0.0000 0.0075 0.0441 0.0000 0.0000 0.0000 0.0000 1.6377 0.0000 204.4089 204.4089
17.1500 73.8737 0.0000 -68.7728 0.0000 0.0071 0.0457 0.0000 0.0000 0.0000 0.0000 1.6389 0.0000 204.5272 204.5272
17.2500 72.4546 0.0000 -68.6545 0.0000 0.0068 0.0474 0.0000 0.0000 0.0000 0.0000 1.6401 0.0000 204.6454 204.6454
17.3500 71.0355 0.0000 -68.5363 0.0000 0.0064 0.0492 0.0000 0.0000 0.0000 0.0000 1.6413 0.0000 204.7637 204.7637
17.4500 69.7367 0.0000 -68.3407 0.0000 0.0061 0.0515 0.0000 0.0000 0.0000 0.0000 1.6425 0.0000 204.9593 204.9593
17.5500 68.7625 0.0000 -67.9364 0.0000 0.0063 0.0554 0.0000 0.0000 0.0000 0.0000 1.6437 0.0000 205.3636 205.3636
17.6500 67.7883 0.0000 -67.5321 0.0000 0.0064 0.0595 0.0000 0.0000 0.0000 0.0000 1.6449 0.0000 205.7679 205.7679
17.7500 66.8141 0.0000 -67.1279 0.0000 0.0065 0.0639 0.0000 0.0000 0.0000 0.0000 1.6461 0.0000 206.1721 206.1721
17.8500 65.8399 0.0000 -66.7236 0.0000 0.0067 0.0687 0.0000 0.0000 0.0000 0.0000 1.6473 0.0000 206.5764 206.5764
17.9500 64.8658 0.0000 -66.3193 0.0000 0.0068 0.0738 0.0000 0.0000 0.0000 0.0000 1.6485 0.0000 206.9807 206.9807
18.0500 63.8916 0.0000 -65.9150 0.0000 0.0068 0.0792 0.0000 0.0000 0.0000 0.0000 1.6497 0.0000 207.3850 207.3850
18.1500 62.9174 0.0000 -65.5107 0.0000 0.0069 0.0851 0.0000 0.0000 0.0000 0.0000 1.6509 0.0000 207.7893 207.7893
18.2500 61.9432 0.0000 -65.1064 0.0000 0.0069 0.0914 0.0000 0.0000 0.0000 0.0000 1.6521 0.0000 208.1936 208.1936
18.3500 60.9690 0.0000 -64.7021 0.0000 0.0069 0.0982 0.0000 0.0000 0.0000 0.0000 1.6533 0.0000 208.5979 208.5979
18.4500 59.9948 0.0000 -64.2979 0.0000 0.0069 0.1055 0.0000 0.0000 0.0000 0.0000 1.6545 0.0000 209.0021 209.0021
18.5500 59.0206 0.0000 -63.8936 0.0000 0.0068 0.1133 0.0000 0.0000 0.0000 0.0000 1.6557 0.0000 209.4064 209.4064
18.6500 58.0465 0.0000 -63.4893 0.0000 0.0066 0.1217 0.0000 0.0000 0.0000 0.0000 1.6569 0.0000 209.8107 209.8107
18.7500 57.0723 0.0000 -63.0850 0.0000 0.0064 0.1307 0.0000 0.0000 0.0000 0.0000 1.6581 0.0000 210.2150 210.2150
18.8500 56.0981 0.0000 -62.6807 0.0000 0.0061 0.1404 0.0000 0.0000 0.0000 0.0000 1.6593 0.0000 210.6193 210.6193
18.9500 55.1239 0.0000 -62.2764 0.0000 0.0058 0.1508 0.0000 0.0000 0.0000 0.0000 1.6605 0.0000 211.0236 211.0236
19.0500 54.1497 0.0000 -61.8721 0.0000 0.0053 0.1621 0.0000 0.0000 0.0000 0.0000 1.6617 0.0000 211.4279 211.4279
19.1500 53.1755 0.0000 -61.4678 0.0000 0.0048 0.1741 0.0000 0.0000 0.0000 0.0000 1.6629 0.0000 211.8322 211.8322
19.2500 52.2014 0.0000 -61.0636 0.0000 0.0041 0.1871 0.0000 0.0000 0.0000 0.0000 1.6641 0.0000 212.2364 212.2364
19.3500 51.2272 0.0000 -60.6593 0.0000 0.0034 0.2011 0.0000 0.0000 0.0000 0.0000 1.6653 0.0000 212.6407 212.6407
19.4500 50.2530 0.0000 -60.2550 0.0000 0.0025 0.2161 0.0000 0.0000 0.0000 0.0000 1.6665 0.0000 213.0450 213.0450
19.5500 49.5386 0.0000 -60.0646 0.0000 0.0022 0.2247 0.0000 0.0000 0.0000 0.0000 1.6677 0.0000 213.2354 213.2354
19.6500 48.9154 0.0000 -59.9493 0.0000 0.0023 0.2310 0.0000 0.0000 0.0000 0.0000 1.6689 0.0000 213.3506 213.3506
19.7500 48.2921 0.0000 -59.8340 0.0000 0.0024 0.2375 0.0000 0.0000 0.0000 0.0000 1.6701 0.0000 213.4660 213.4660
19.8500 47.6689 0.0000 -59.7187 0.0000 0.0024 0.2443 0.0000 0.0000 0.0000 0.0000 1.6713 0.0000 213.5813 213.5813
