height(km) press(hPa) W(M/S) T(C) T-TE(C) QV(g/kg) SAT(g/kg) QC(g/kg) QH(g/kg) QI(g/kg) "Buoy(1e-2 m/s2)" radius(m) dwdt_entr(unitless) plumeT(K) envT(K)
0.0000 859.9973 27.4189 21.9626 0.3107 4.2644 19.8674 0.0000 0.0000 0.0000 -12.2663 1.1655 -0.0373 295.2626 294.9519
0.0500 855.6113 26.8961 21.1899 -3.4445 4.2642 19.0236 0.0000 0.0000 0.0000 -12.2663 1.1678 -0.0373 294.4899 297.9344
0.1500 846.5750 26.1344 20.2705 -7.9055 4.2622 18.1452 0.0000 0.0000 0.0000 -17.1760 1.1712 -0.0312 293.5705 301.4760
0.2500 837.0692 25.3218 19.3565 -8.0590 4.2600 17.3192 0.0000 0.0000 0.0000 -17.5388 1.1748 -0.0338 292.6565 300.7155
0.3500 827.5635 24.4626 18.4485 -8.2066 4.2574 16.5334 0.0000 0.0000 0.0000 -17.9184 1.1787 -0.0347 291.7485 299.9551
0.4500 818.2379 23.5503 17.5467 -8.3623 4.2548 15.7825 0.0000 0.0000 0.0000 -18.3235 1.1829 -0.0353 290.8467 299.2090
0.5500 808.9786 22.5801 16.6516 -8.5167 4.2526 15.0676 0.0000 0.0000 0.0000 -18.7215 1.1875 -0.0356 289.9516 298.4683
0.6500 799.7254 21.5475 15.7639 -8.6630 4.2506 14.3888 0.0000 0.0000 0.0000 -19.0772 1.1925 -0.0355 289.0639 297.7269
0.7500 790.6675 20.4457 14.8849 -8.7812 4.2487 13.7418 0.0000 0.0000 0.0000 -19.3887 1.1980 -0.0352 288.1848 296.9661
0.8500 781.6095 19.2646 14.0155 -8.8897 4.2469 13.1294 0.0000 0.0000 0.0000 -19.6539 1.2039 -0.0347 287.3155 296.2052
0.9500 772.6204 17.9961 13.1572 -8.9644 4.2453 12.5497 0.0000 0.0000 0.0000 -19.8105 1.2105 -0.0338 286.4572 295.4216
1.0500 763.8176 16.6271 12.3112 -8.9653 4.2443 11.9999 0.0000 0.0000 0.0000 -19.8741 1.2179 -0.0325 285.6111 294.5765
1.1500 755.0148 15.1322 11.4801 -8.9514 4.2438 11.4833 0.0000 0.0000 0.0000 -19.8957 1.2262 -0.0308 284.7801 293.7314
1.2500 746.3408 13.4709 10.6671 -8.9170 4.2439 10.9983 0.0000 0.0000 0.0000 -19.8631 1.2356 -0.0283 283.9671 292.8841
1.3500 737.8375 11.5491 9.8791 -8.8546 4.2449 10.5473 0.0000 0.0000 0.0000 -19.7272 1.2467 -0.0248 283.1791 292.0338
1.4500 729.3340 9.0055 9.1530 -8.7305 4.2466 10.1558 0.0000 0.0000 0.0000 -19.1995 1.2623 -0.0195 282.4529 291.1834
1.5500 720.8307 5.3945 8.7090 -8.3241 4.2454 9.9693 0.0000 0.0000 0.0000 -17.4051 1.3054 -0.0114 282.0090 290.3331
1.6500 712.3272 1.5165 9.1029 -7.0799 4.2288 10.3667 0.0000 0.0000 0.0000 -13.6082 1.4357 -0.0029 282.4029 289.4827
1.7500 703.8239 -0.8903 10.4247 -4.9077 4.1890 11.4846 0.0000 0.0000 0.0000 -8.7007 1.6586 -0.0014 283.7247 288.6324
1.8500 695.5691 -1.3789 11.7654 -2.6972 4.1412 12.7268 0.0000 0.0000 0.0000 -4.6033 1.8752 -0.0016 285.0654 287.7626
1.9500 687.5176 -0.9742 12.3166 -1.2603 4.0987 13.3651 0.0000 0.0000 0.0000 -2.1795 2.0276 -0.0009 285.6166 286.8769
2.0500 679.4660 -0.5297 12.1484 -0.5429 4.0607 13.3750 0.0000 0.0000 0.0000 -1.0059 2.1295 -0.0004 285.4484 285.9913
2.1500 671.4146 -0.2505 11.5883 -0.2173 4.0231 13.0378 0.0000 0.0000 0.0000 -0.4842 2.2019 -0.0002 284.8883 285.1056
2.2500 663.3630 -0.1102 10.8422 -0.0778 3.9830 12.5497 0.0000 0.0000 0.0000 -0.2618 2.2558 -0.0001 284.1422 284.2199
2.3500 655.3115 -0.0491 10.0172 -0.0171 3.9387 12.0136 0.0000 0.0000 0.0000 -0.1694 2.2961 -0.0000 283.3171 283.3343
2.4500 647.4140 -0.0256 9.1710 0.0054 3.8895 11.4788 0.0000 0.0000 0.0000 -0.1441 2.3248 -0.0000 282.4709 282.4655
2.5500 639.8152 -0.0170 8.3314 0.0017 3.8349 10.9653 0.0000 0.0000 0.0000 -0.1426 2.3427 -0.0000 281.6314 281.6297
2.6500 632.2164 -0.0131 7.4944 0.0005 3.7750 10.4743 0.0000 0.0000 0.0000 -0.1385 2.3496 -0.0000 280.7943 280.7938
2.7500 624.6177 -0.0109 6.6581 0.0001 3.7096 10.0037 0.0000 0.0000 0.0000 -0.1345 2.3450 -0.0000 279.9580 279.9579
2.8500 617.0189 -0.0094 5.8219 -0.0002 3.6389 9.5523 0.0000 0.0000 0.0000 -0.1324 2.3281 -0.0000 279.1219 279.1221
2.9500 609.4201 -0.0084 4.9852 -0.0010 3.5626 9.1189 0.0000 0.0000 0.0000 -0.1352 2.2979 -0.0000 278.2852 278.2862
3.0500 601.8214 -0.0069 4.1462 -0.0041 3.4806 8.7019 0.0000 0.0000 0.0000 -0.1238 2.2529 -0.0000 277.4462 277.4503
3.1500 594.5692 -0.0049 3.2963 -0.0020 3.3922 8.2906 0.0000 0.0000 0.0000 -0.0933 2.1915 -0.0000 276.5963 276.5983
3.2500 587.4263 -0.0032 2.4408 -0.0004 3.2979 7.8922 0.0000 0.0000 0.0000 -0.0656 2.1101 -0.0000 275.7408 275.7411
3.3500 580.2834 -0.0020 1.5839 -0.0001 3.1982 7.5102 0.0000 0.0000 0.0000 -0.0442 2.0043 -0.0000 274.8839 274.8840
3.4500 573.1406 -0.0011 0.7268 -0.0000 3.0938 7.1447 0.0000 0.0000 0.0000 -0.0274 1.8689 -0.0000 274.0268 274.0269
3.5500 565.9978 -0.0005 -0.1303 -0.0000 2.9856 6.7952 0.0000 0.0000 0.0000 -0.0142 1.6973 -0.0000 273.1697 273.1697
3.6500 558.8549 -0.0001 -0.9874 0.0000 2.8745 6.4611 0.0000 0.0000 0.0000 0.0000 1.4814 -0.0000 272.3126 272.3126
3.7500 551.7120 0.0000 -1.8445 0.0000 2.7617 6.1417 0.0000 0.0000 0.0000 0.0000 1.2105 0.0000 271.4554 271.4554
3.8500 544.9312 0.0000 -2.5366 0.0000 2.5676 5.9053 0.0000 0.0000 0.0000 0.0000 1.2117 0.0000 270.7634 270.7634
3.9500 538.2645 0.0000 -3.1766 0.0000 2.3636 5.6983 0.0000 0.0000 0.0000 0.0000 1.2129 0.0000 270.1234 270.1234
4.0500 531.5978 0.0000 -3.8166 0.0000 2.1706 5.4981 0.0000 0.0000 0.0000 0.0000 1.2141 0.0000 269.4834 269.4834
4.1500 524.9312 0.0000 -4.4566 0.0000 1.9880 5.3043 0.0000 0.0000 0.0000 0.0000 1.2153 0.0000 268.8434 268.8434
4.2500 518.2645 0.0000 -5.0966 0.0000 1.8155 5.1170 0.0000 0.0000 0.0000 0.0000 1.2165 0.0000 268.2034 268.2034
4.3500 511.5979 0.0000 -5.7366 0.0000 1.6525 4.9358 0.0000 0.0000 0.0000 0.0000 1.2177 0.0000 267.5634 267.5634
4.4500 504.9312 0.0000 -6.3766 0.0000 1.4986 4.7605 0.0000 0.0000 0.0000 0.0000 1.2189 0.0000 266.9234 266.9234
4.5500 498.4030 0.0000 -7.0033 0.0000 1.3461 4.5946 0.0000 0.0000 0.0000 0.0000 1.2201 0.0000 266.2967 266.2967
4.6500 492.2680 0.0000 -7.5923 0.0000 1.1819 4.4436 0.0000 0.0000 0.0000 0.0000 1.2213 0.0000 265.7077 265.7077
4.7500 486.1331 0.0000 -8.1812 0.0000 1.0270 4.2972 0.0000 0.0000 0.0000 0.0000 1.2225 0.0000 265.1187 265.1187
4.8500 479.9980 0.0000 -8.7702 0.0000 0.8809 4.1554 0.0000 0.0000 0.0000 0.0000 1.2237 0.0000 264.5298 264.5298
4.9500 473.8631 0.0000 -9.3592 0.0000 0.7433 4.0180 0.0000 0.0000 0.0000 0.0000 1.2249 0.0000 263.9408 263.9408
5.0500 467.7281 0.0000 -9.9481 0.0000 0.6138 3.8849 0.0000 0.0000 0.0000 0.0000 1.2261 0.0000 263.3519 263.3519
5.1500 461.5931 0.0000 -10.5370 0.0000 0.4921 3.7559 0.0000 0.0000 0.0000 0.0000 1.2273 0.0000 262.7629 262.7629
5.2500 455.4581 0.0000 -11.1260 0.0000 0.3777 3.6310 0.0000 0.0000 0.0000 0.0000 1.2285 0.0000 262.1740 262.1740
5.3500 449.3802 0.0000 -11.7380 0.0000 0.2794 3.5031 0.0000 0.0000 0.0000 0.0000 1.2297 0.0000 261.5620 261.5620
5.4500 443.7622 0.0000 -12.5358 0.0000 0.2577 3.3252 0.0000 0.0000 0.0000 0.0000 1.2309 0.0000 260.7642 260.7642
5.5500 438.1443 0.0000 -13.3335 0.0000 0.2375 3.1555 0.0000 0.0000 0.0000 0.0000 1.2321 0.0000 259.9665 259.9665
5.6500 432.5263 0.0000 -14.1313 0.0000 0.2186 2.9936 0.0000 0.0000 0.0000 0.0000 1.2333 0.0000 259.1687 259.1687
5.7500 426.9083 0.0000 -14.9290 0.0000 0.2009 2.8392 0.0000 0.0000 0.0000 0.0000 1.2345 0.0000 258.3710 258.3710
5.8500 421.2903 0.0000 -15.7268 0.0000 0.1844 2.6920 0.0000 0.0000 0.0000 0.0000 1.2357 0.0000 257.5732 257.5732
5.9500 415.6724 0.0000 -16.5245 0.0000 0.1691 2.5516 0.0000 0.0000 0.0000 0.0000 1.2369 0.0000 256.7755 256.7755
6.0500 410.0544 0.0000 -17.3223 0.0000 0.1548 2.4179 0.0000 0.0000 0.0000 0.0000 1.2381 0.0000 255.9777 255.9777
6.1500 404.4364 0.0000 -18.1200 0.0000 0.1415 2.2905 0.0000 0.0000 0.0000 0.0000 1.2393 0.0000 255.1800 255.1800
6.2500 398.9280 0.0000 -18.8979 0.0000 0.1303 2.1723 0.0000 0.0000 0.0000 0.0000 1.2405 0.0000 254.4021 254.4021
6.3500 393.8312 0.0000 -19.6013 0.0000 0.1243 2.0708 0.0000 0.0000 0.0000 0.0000 1.2417 0.0000 253.6987 253.6987
6.4500 388.7344 0.0000 -20.3047 0.0000 0.1184 1.9737 0.0000 0.0000 0.0000 0.0000 1.2429 0.0000 252.9953 252.9953
6.5500 383.6375 0.0000 -21.0080 0.0000 0.1128 1.8806 0.0000 0.0000 0.0000 0.0000 1.2441 0.0000 252.2920 252.2920
6.6500 378.5407 0.0000 -21.7114 0.0000 0.1075 1.7916 0.0000 0.0000 0.0000 0.0000 1.2453 0.0000 251.5886 251.5886
6.7500 373.4438 0.0000 -22.4147 0.0000 0.1024 1.7064 0.0000 0.0000 0.0000 0.0000 1.2465 0.0000 250.8852 250.8852
6.8500 368.3470 0.0000 -23.1181 0.0000 0.0975 1.6249 0.0000 0.0000 0.0000 0.0000 1.2477 0.0000 250.1819 250.1819
6.9500 363.2502 0.0000 -23.8215 0.0000 0.0928 1.5470 0.0000 0.0000 0.0000 0.0000 1.2489 0.0000 249.4785 249.4785
7.0500 358.1533 0.0000 -24.5248 0.0000 0.0884 1.4725 0.0000 0.0000 0.0000 0.0000 1.2501 0.0000 248.7751 248.7751
7.1500 353.0565 0.0000 -25.2282 0.0000 0.0841 1.4013 0.0000 0.0000 0.0000 0.0000 1.2513 0.0000 248.0718 248.0718
7.2500 348.1804 0.0000 -25.9084 0.0000 0.0801 1.3353 0.0000 0.0000 0.0000 0.0000 1.2525 0.0000 247.3916 247.3916
7.3500 343.6349 0.0000 -26.5538 0.0000 0.0765 1.2749 0.0000 0.0000 0.0000 0.0000 1.2537 0.0000 246.7462 246.7462
7.4500 339.0895 0.0000 -27.1993 0.0000 0.0730 1.2171 0.0000 0.0000 0.0000 0.0000 1.2549 0.0000 246.1007 246.1007
7.5500 334.5440 0.0000 -27.8447 0.0000 0.0697 1.1616 0.0000 0.0000 0.0000 0.0000 1.2561 0.0000 245.4552 245.4552
7.6500 329.9985 0.0000 -28.4902 0.0000 0.0665 1.1085 0.0000 0.0000 0.0000 0.0000 1.2573 0.0000 244.8098 244.8098
7.7500 325.4531 0.0000 -29.1357 0.0000 0.0635 1.0577 0.0000 0.0000 0.0000 0.0000 1.2585 0.0000 244.1643 244.1643
7.8500 320.9076 0.0000 -29.7811 0.0000 0.0605 1.0089 0.0000 0.0000 0.0000 0.0000 1.2597 0.0000 243.5189 243.5189
7.9500 316.3622 0.0000 -30.4266 0.0000 0.0577 0.9623 0.0000 0.0000 0.0000 0.0000 1.2609 0.0000 242.8734 242.8734
8.0500 311.8167 0.0000 -31.0720 0.0000 0.0551 0.9176 0.0000 0.0000 0.0000 0.0000 1.2621 0.0000 242.2280 242.2280
8.1500 307.2713 0.0000 -31.7175 0.0000 0.0525 0.8749 0.0000 0.0000 0.0000 0.0000 1.2633 0.0000 241.5825 241.5825
8.2500 302.7258 0.0000 -32.3629 0.0000 0.0500 0.8340 0.0000 0.0000 0.0000 0.0000 1.2645 0.0000 240.9371 240.9371
8.3500 298.4114 0.0000 -33.0328 0.0000 0.0483 0.7924 0.0000 0.0000 0.0000 0.0000 1.2657 0.0000 240.2672 240.2672
8.4500 294.4432 0.0000 -33.7391 0.0000 0.0474 0.7491 0.0000 0.0000 0.0000 0.0000 1.2669 0.0000 239.5609 239.5609
8.5500 290.4749 0.0000 -34.4455 0.0000 0.0465 0.7080 0.0000 0.0000 0.0000 0.0000 1.2681 0.0000 238.8545 238.8545
8.6500 286.5067 0.0000 -35.1518 0.0000 0.0455 0.6689 0.0000 0.0000 0.0000 0.0000 1.2693 0.0000 238.1482 238.1482
8.7500 282.5384 0.0000 -35.8582 0.0000 0.0445 0.6318 0.0000 0.0000 0.0000 0.0000 1.2705 0.0000 237.4418 237.4418
8.8500 278.5702 0.0000 -36.5645 0.0000 0.0435 0.5965 0.0000 0.0000 0.0000 0.0000 1.2717 0.0000 236.7355 236.7355
8.9500 274.6019 0.0000 -37.2709 0.0000 0.0424 0.5631 0.0000 0.0000 0.0000 0.0000 1.2729 0.0000 236.0291 236.0291
9.0500 270.6336 0.0000 -37.9772 0.0000 0.0412 0.5314 0.0000 0.0000 0.0000 0.0000 1.2741 0.0000 235.3228 235.3228
9.1500 266.6654 0.0000 -38.6836 0.0000 0.0401 0.5013 0.0000 0.0000 0.0000 0.0000 1.2753 0.0000 234.6164 234.6164
9.2500 262.6971 0.0000 -39.3899 0.0000 0.0389 0.4728 0.0000 0.0000 0.0000 0.0000 1.2765 0.0000 233.9101 233.9101
9.3500 258.7289 0.0000 -40.0963 0.0000 0.0378 0.4457 0.0000 0.0000 0.0000 0.0000 1.2777 0.0000 233.2037 233.2037
9.4500 254.7606 0.0000 -40.8026 0.0000 0.0366 0.4201 0.0000 0.0000 0.0000 0.0000 1.2789 0.0000 232.4974 232.4974
9.5500 250.7924 0.0000 -41.5090 0.0000 0.0354 0.3959 0.0000 0.0000 0.0000 0.0000 1.2801 0.0000 231.7910 231.7910
9.6500 247.1700 0.0000 -42.1934 0.0000 0.0353 0.3733 0.0000 0.0000 0.0000 0.0000 1.2813 0.0000 231.1066 231.1066
9.7500 243.6340 0.0000 -42.8723 0.0000 0.0353 0.3519 0.0000 0.0000 0.0000 0.0000 1.2825 0.0000 230.4277 230.4277
9.8500 240.0979 0.0000 -43.5512 0.0000 0.0351 0.3317 0.0000 0.0000 0.0000 0.0000 1.2837 0.0000 229.7488 229.7488
9.9500 236.5618 0.0000 -44.2301 0.0000 0.0349 0.3126 0.0000 0.0000 0.0000 0.0000 1.2849 0.0000 229.0699 229.0699
10.0500 233.0258 0.0000 -44.9091 0.0000 0.0345 0.2944 0.0000 0.0000 0.0000 0.0000 1.2861 0.0000 228.3909 228.3909
10.1500 229.4897 0.0000 -45.5880 0.0000 0.0341 0.2773 0.0000 0.0000 0.0000 0.0000 1.2873 0.0000 227.7120 227.7120
10.2500 225.9536 0.0000 -46.2669 0.0000 0.0335 0.2610 0.0000 0.0000 0.0000 0.0000 1.2885 0.0000 227.0331 227.0331
10.3500 222.6380 0.0000 -46.9413 0.0000 0.0338 0.2456 0.0000 0.0000 0.0000 0.0000 1.2897 0.0000 226.3587 226.3587
10.4500 219.4039 0.0000 -47.6140 0.0000 0.0341 0.2309 0.0000 0.0000 0.0000 0.0000 1.2909 0.0000 225.6860 225.6860
10.5500 216.1697 0.0000 -48.2867 0.0000 0.0343 0.2170 0.0000 0.0000 0.0000 0.0000 1.2921 0.0000 225.0133 225.0133
10.6500 212.9356 0.0000 -48.9594 0.0000 0.0344 0.2039 0.0000 0.0000 0.0000 0.0000 1.2933 0.0000 224.3406 224.3406
10.7500 209.7014 0.0000 -49.6321 0.0000 0.0343 0.1915 0.0000 0.0000 0.0000 0.0000 1.2945 0.0000 223.6679 223.6679
10.8500 206.4673 0.0000 -50.3048 0.0000 0.0340 0.1799 0.0000 0.0000 0.0000 0.0000 1.2957 0.0000 222.9952 222.9952
10.9500 203.2331 0.0000 -50.9775 0.0000 0.0337 0.1688 0.0000 0.0000 0.0000 0.0000 1.2969 0.0000 222.3225 222.3225
11.0500 199.9991 0.0000 -51.6502 0.0000 0.0333 0.1585 0.0000 0.0000 0.0000 0.0000 1.2981 0.0000 221.6498 221.6498
11.1500 197.0819 0.0000 -52.1752 0.0000 0.0330 0.1511 0.0000 0.0000 0.0000 0.0000 1.2993 0.0000 221.1247 221.1247
11.2500 194.1647 0.0000 -52.7003 0.0000 0.0326 0.1440 0.0000 0.0000 0.0000 0.0000 1.3005 0.0000 220.5997 220.5997
11.3500 191.2476 0.0000 -53.2254 0.0000 0.0322 0.1372 0.0000 0.0000 0.0000 0.0000 1.3017 0.0000 220.0746 220.0746
11.4500 188.3305 0.0000 -53.7505 0.0000 0.0317 0.1308 0.0000 0.0000 0.0000 0.0000 1.3029 0.0000 219.5495 219.5495
11.5500 185.4133 0.0000 -54.2756 0.0000 0.0313 0.1246 0.0000 0.0000 0.0000 0.0000 1.3041 0.0000 219.0244 219.0244
11.6500 182.4962 0.0000 -54.8007 0.0000 0.0307 0.1187 0.0000 0.0000 0.0000 0.0000 1.3053 0.0000 218.4993 218.4993
11.7500 179.5790 0.0000 -55.3258 0.0000 0.0302 0.1131 0.0000 0.0000 0.0000 0.0000 1.3065 0.0000 217.9742 217.9742
11.8500 176.6618 0.0000 -55.8509 0.0000 0.0297 0.1077 0.0000 0.0000 0.0000 0.0000 1.3077 0.0000 217.4491 217.4491
11.9500 173.8886 0.0000 -56.3856 0.0000 0.0286 0.1024 0.0000 0.0000 0.0000 0.0000 1.3089 0.0000 216.9144 216.9144
12.0500 171.3060 0.0000 -56.9331 0.0000 0.0270 0.0970 0.0000 0.0000 0.0000 0.0000 1.3101 0.0000 216.3669 216.3669
12.1500 168.7234 0.0000 -57.4807 0.0000 0.0255 0.0919 0.0000 0.0000 0.0000 0.0000 1.3113 0.0000 215.8193 215.8193
12.2500 166.1407 0.0000 -58.0282 0.0000 0.0241 0.0871 0.0000 0.0000 0.0000 0.0000 1.3125 0.0000 215.2718 215.2718
12.3500 163.5581 0.0000 -58.5757 0.0000 0.0227 0.0825 0.0000 0.0000 0.0000 0.0000 1.3137 0.0000 214.7243 214.7243
12.4500 160.9754 0.0000 -59.1232 0.0000 0.0214 0.0781 0.0000 0.0000 0.0000 0.0000 1.3149 0.0000 214.1768 214.1768
12.5500 158.3928 0.0000 -59.6707 0.0000 0.0202 0.0740 0.0000 0.0000 0.0000 0.0000 1.3161 0.0000 213.6293 213.6293
12.6500 155.8101 0.0000 -60.2182 0.0000 0.0191 0.0700 0.0000 0.0000 0.0000 0.0000 1.3173 0.0000 213.0817 213.0817
12.7500 153.2275 0.0000 -60.7658 0.0000 0.0180 0.0663 0.0000 0.0000 0.0000 0.0000 1.3185 0.0000 212.5342 212.5342
12.8500 150.6448 0.0000 -61.3133 0.0000 0.0170 0.0627 0.0000 0.0000 0.0000 0.0000 1.3197 0.0000 211.9867 211.9867
12.9500 148.3162 0.0000 -61.8676 0.0000 0.0163 0.0592 0.0000 0.0000 0.0000 0.0000 1.3209 0.0000 211.4324 211.4324
13.0500 146.0720 0.0000 -62.4241 0.0000 0.0157 0.0558 0.0000 0.0000 0.0000 0.0000 1.3221 0.0000 210.8758 210.8758
13.1500 143.8278 0.0000 -62.9807 0.0000 0.0151 0.0526 0.0000 0.0000 0.0000 0.0000 1.3233 0.0000 210.3193 210.3193
13.2500 141.5837 0.0000 -63.5372 0.0000 0.0145 0.0496 0.0000 0.0000 0.0000 0.0000 1.3245 0.0000 209.7627 209.7627
13.3500 139.3395 0.0000 -64.0938 0.0000 0.0140 0.0467 0.0000 0.0000 0.0000 0.0000 1.3257 0.0000 209.2062 209.2062
13.4500 137.0953 0.0000 -64.6504 0.0000 0.0135 0.0440 0.0000 0.0000 0.0000 0.0000 1.3269 0.0000 208.6496 208.6496
13.5500 134.8512 0.0000 -65.2069 0.0000 0.0129 0.0414 0.0000 0.0000 0.0000 0.0000 1.3281 0.0000 208.0931 208.0931
13.6500 132.6070 0.0000 -65.7635 0.0000 0.0124 0.0390 0.0000 0.0000 0.0000 0.0000 1.3293 0.0000 207.5365 207.5365
13.7500 130.3628 0.0000 -66.3200 0.0000 0.0119 0.0367 0.0000 0.0000 0.0000 0.0000 1.3305 0.0000 206.9800 206.9800
13.8500 128.1187 0.0000 -66.8766 0.0000 0.0114 0.0345 0.0000 0.0000 0.0000 0.0000 1.3317 0.0000 206.4234 206.4234
13.9500 125.8745 0.0000 -67.4331 0.0000 0.0110 0.0325 0.0000 0.0000 0.0000 0.0000 1.3329 0.0000 205.8669 205.8669
14.0500 123.8528 0.0000 -67.8106 0.0000 0.0107 0.0313 0.0000 0.0000 0.0000 0.0000 1.3341 0.0000 205.4894 205.4894
14.1500 121.9731 0.0000 -68.0738 0.0000 0.0107 0.0306 0.0000 0.0000 0.0000 0.0000 1.3353 0.0000 205.2262 205.2262
14.2500 120.0934 0.0000 -68.3369 0.0000 0.0106 0.0299 0.0000 0.0000 0.0000 0.0000 1.3365 0.0000 204.9631 204.9631
14.3500 118.2137 0.0000 -68.6001 0.0000 0.0105 0.0293 0.0000 0.0000 0.0000 0.0000 1.3377 0.0000 204.6999 204.6999
14.4500 116.3340 0.0000 -68.8632 0.0000 0.0104 0.0286 0.0000 0.0000 0.0000 0.0000 1.3389 0.0000 204.4368 204.4368
14.5500 114.4543 0.0000 -69.1264 0.0000 0.0104 0.0280 0.0000 0.0000 0.0000 0.0000 1.3401 0.0000 204.1736 204.1736
14.6500 112.5746 0.0000 -69.3896 0.0000 0.0103 0.0274 0.0000 0.0000 0.0000 0.0000 1.3413 0.0000 203.9104 203.9104
14.7500 110.6949 0.0000 -69.6527 0.0000 0.0102 0.0269 0.0000 0.0000 0.0000 0.0000 1.3425 0.0000 203.6473 203.6473
14.8500 108.8152 0.0000 -69.9159 0.0000 0.0101 0.0263 0.0000 0.0000 0.0000 0.0000 1.3437 0.0000 203.3841 203.3841
14.9500 106.9355 0.0000 -70.1790 0.0000 0.0101 0.0257 0.0000 0.0000 0.0000 0.0000 1.3449 0.0000 203.1210 203.1210
15.0500 105.0558 0.0000 -70.4422 0.0000 0.0100 0.0252 0.0000 0.0000 0.0000 0.0000 1.3461 0.0000 202.8578 202.8578
15.1500 103.1761 0.0000 -70.7053 0.0000 0.0099 0.0247 0.0000 0.0000 0.0000 0.0000 1.3473 0.0000 202.5947 202.5947
15.2500 101.2964 0.0000 -70.9685 0.0000 0.0098 0.0242 0.0000 0.0000 0.0000 0.0000 1.3485 0.0000 202.3315 202.3315
15.3500 99.5594 0.0000 -71.1177 0.0000 0.0098 0.0241 0.0000 0.0000 0.0000 0.0000 1.3497 0.0000 202.1823 202.1823
15.4500 98.1396 0.0000 -71.0136 0.0000 0.0097 0.0248 0.0000 0.0000 0.0000 0.0000 1.3509 0.0000 202.2864 202.2864
15.5500 96.7198 0.0000 -70.9095 0.0000 0.0097 0.0256 0.0000 0.0000 0.0000 0.0000 1.3521 0.0000 202.3905 202.3905
15.6500 95.3001 0.0000 -70.8053 0.0000 0.0096 0.0263 0.0000 0.0000 0.0000 0.0000 1.3533 0.0000 202.4947 202.4947
15.7500 93.8803 0.0000 -70.7012 0.0000 0.0096 0.0272 0.0000 0.0000 0.0000 0.0000 1.3545 0.0000 202.5988 202.5988
15.8500 92.4605 0.0000 -70.5971 0.0000 0.0095 0.0280 0.0000 0.0000 0.0000 0.0000 1.3557 0.0000 202.7029 202.7029
15.9500 91.0407 0.0000 -70.4930 0.0000 0.0094 0.0289 0.0000 0.0000 0.0000 0.0000 1.3569 0.0000 202.8070 202.8070
16.0500 89.6209 0.0000 -70.3889 0.0000 0.0093 0.0298 0.0000 0.0000 0.0000 0.0000 1.3581 0.0000 202.9111 202.9111
16.1500 88.2012 0.0000 -70.2847 0.0000 0.0092 0.0307 0.0000 0.0000 0.0000 0.0000 1.3593 0.0000 203.0152 203.0152
16.2500 86.7814 0.0000 -70.1806 0.0000 0.0091 0.0317 0.0000 0.0000 0.0000 0.0000 1.3605 0.0000 203.1194 203.1194
16.3500 85.3616 0.0000 -70.0765 0.0000 0.0089 0.0327 0.0000 0.0000 0.0000 0.0000 1.3617 0.0000 203.2235 203.2235
16.4500 83.9418 0.0000 -69.9724 0.0000 0.0088 0.0338 0.0000 0.0000 0.0000 0.0000 1.3629 0.0000 203.3276 203.3276
16.5500 82.5220 0.0000 -69.8683 0.0000 0.0086 0.0349 0.0000 0.0000 0.0000 0.0000 1.3641 0.0000 203.4317 203.4317
16.6500 81.1023 0.0000 -69.7642 0.0000 0.0084 0.0361 0.0000 0.0000 0.0000 0.0000 1.3653 0.0000 203.5358 203.5358
16.7500 79.6825 0.0000 -69.6600 0.0000 0.0082 0.0373 0.0000 0.0000 0.0000 0.0000 1.3665 0.0000 203.6399 203.6399
16.8500 78.2627 0.0000 -69.5559 0.0000 0.0080 0.0385 0.0000 0.0000 0.0000 0.0000 1.3677 0.0000 203.7441 203.7441
16.9500 76.8429 0.0000 -69.4518 0.0000 0.0077 0.0398 0.0000 0.0000 0.0000 0.0000 1.3689 0.0000 203.8482 203.8482
17.0500 75.4231 0.0000 -69.3477 0.0000 0.0074 0.0412 0.0000 0.0000 0.0000 0.0000 1.3701 0.0000 203.9523 203.9523
17.1500 74.0033 0.0000 -69.2436 0.0000 0.0071 0.0426 0.0000 0.0000 0.0000 0.0000 1.3713 0.0000 204.0564 204.0564
17.2500 72.5836 0.0000 -69.1395 0.0000 0.0068 0.0441 0.0000 0.0000 0.0000 0.0000 1.3725 0.0000 204.1605 204.1605
17.3500 71.1638 0.0000 -69.0353 0.0000 0.0064 0.0457 0.0000 0.0000 0.0000 0.0000 1.3737 0.0000 204.2646 204.2646
17.4500 69.8237 0.0000 -68.8857 0.0000 0.0061 0.0476 0.0000 0.0000 0.0000 0.0000 1.3749 0.0000 204.4143 204.4143
17.5500 68.8462 0.0000 -68.5289 0.0000 0.0063 0.0508 0.0000 0.0000 0.0000 0.0000 1.3761 0.0000 204.7711 204.7711
17.6500 67.8687 0.0000 -68.1721 0.0000 0.0064 0.0542 0.0000 0.0000 0.0000 0.0000 1.3773 0.0000 205.1279 205.1279
17.7500 66.8912 0.0000 -67.8153 0.0000 0.0065 0.0579 0.0000 0.0000 0.0000 0.0000 1.3785 0.0000 205.4847 205.4847
17.8500 65.9137 0.0000 -67.4585 0.0000 0.0066 0.0618 0.0000 0.0000 0.0000 0.0000 1.3797 0.0000 205.8415 205.8415
17.9500 64.9362 0.0000 -67.1017 0.0000 0.0067 0.0660 0.0000 0.0000 0.0000 0.0000 1.3809 0.0000 206.1983 206.1983
18.0500 63.9586 0.0000 -66.7449 0.0000 0.0068 0.0705 0.0000 0.0000 0.0000 0.0000 1.3821 0.0000 206.5551 206.5551
18.1500 62.9811 0.0000 -66.3881 0.0000 0.0069 0.0752 0.0000 0.0000 0.0000 0.0000 1.3833 0.0000 206.9119 206.9119
18.2500 62.0036 0.0000 -66.0313 0.0000 0.0069 0.0803 0.0000 0.0000 0.0000 0.0000 1.3845 0.0000 207.2687 207.2687
18.3500 61.0261 0.0000 -65.6745 0.0000 0.0069 0.0858 0.0000 0.0000 0.0000 0.0000 1.3857 0.0000 207.6255 207.6255
18.4500 60.0486 0.0000 -65.3177 0.0000 0.0069 0.0916 0.0000 0.0000 0.0000 0.0000 1.3869 0.0000 207.9823 207.9823
18.5500 59.0711 0.0000 -64.9609 0.0000 0.0068 0.0978 0.0000 0.0000 0.0000 0.0000 1.3881 0.0000 208.3391 208.3391
18.6500 58.0935 0.0000 -64.6041 0.0000 0.0067 0.1044 0.0000 0.0000 0.0000 0.0000 1.3893 0.0000 208.6958 208.6958
18.7500 57.1160 0.0000 -64.2473 0.0000 0.0066 0.1115 0.0000 0.0000 0.0000 0.0000 1.3905 0.0000 209.0526 209.0526
18.8500 56.1385 0.0000 -63.8905 0.0000 0.0064 0.1191 0.0000 0.0000 0.0000 0.0000 1.3917 0.0000 209.4094 209.4094
18.9500 55.1610 0.0000 -63.5338 0.0000 0.0062 0.1273 0.0000 0.0000 0.0000 0.0000 1.3929 0.0000 209.7662 209.7662
19.0500 54.1835 0.0000 -63.1770 0.0000 0.0058 0.1360 0.0000 0.0000 0.0000 0.0000 1.3941 0.0000 210.1230 210.1230
19.1500 53.2059 0.0000 -62.8202 0.0000 0.0055 0.1453 0.0000 0.0000 0.0000 0.0000 1.3953 0.0000 210.4798 210.4798
19.2500 52.2284 0.0000 -62.4634 0.0000 0.0050 0.1553 0.0000 0.0000 0.0000 0.0000 1.3965 0.0000 210.8366 210.8366
19.3500 51.2509 0.0000 -62.1066 0.0000 0.0045 0.1660 0.0000 0.0000 0.0000 0.0000 1.3977 0.0000 211.1934 211.1934
19.4500 50.2734 0.0000 -61.7498 0.0000 0.0038 0.1774 0.0000 0.0000 0.0000 0.0000 1.3989 0.0000 211.5502 211.5502
19.5500 49.5516 0.0000 -61.5043 0.0000 0.0036 0.1860 0.0000 0.0000 0.0000 0.0000 1.4001 0.0000 211.7957 211.7957
19.6500 48.9292 0.0000 -61.3020 0.0000 0.0037 0.1934 0.0000 0.0000 0.0000 0.0000 1.4013 0.0000 211.9980 211.9980
19.7500 48.3067 0.0000 -61.0997 0.0000 0.0037 0.2012 0.0000 0.0000 0.0000 0.0000 1.4025 0.0000 212.2003 212.2003
19.8500 47.6842 0.0000 -60.8974 0.0000 0.0037 0.2094 0.0000 0.0000 0.0000 0.0000 1.4037 0.0000 212.4026 212.4026
