height(km) press(hPa) W(M/S) T(C) T-TE(C) QV(g/kg) SAT(g/kg) QC(g/kg) QH(g/kg) QI(g/kg) "Buoy(1e-2 m/s2)" radius(m) dwdt_entr(unitless) plumeT(K) envT(K)
0.0000 853.9150 25.9610 31.7619 0.3459 4.3302 36.4795 0.0000 0.0000 0.0000 2.1684 0.9697 -0.0944 305.0619 304.7160
0.0500 848.2039 25.6927 30.9556 1.2350 4.3369 35.0051 0.0000 0.0000 0.0000 2.1684 0.9761 -0.0944 304.2556 303.0207
0.1500 838.5885 25.3751 29.9717 0.9433 4.3430 33.3900 0.0000 0.0000 0.0000 1.6059 0.9839 -0.0977 303.2717 302.3284
0.2500 828.9731 25.0430 28.9925 0.6564 4.3469 31.8528 0.0000 0.0000 0.0000 0.9855 0.9917 -0.0943 302.2925 301.6361
0.3500 819.5261 24.6939 28.0188 0.3191 4.3488 30.3842 0.0000 0.0000 0.0000 0.2642 0.9995 -0.0909 301.3188 300.9997
0.4500 810.1978 24.3166 27.0511 -0.0515 4.3491 28.9841 0.0000 0.0000 0.0000 -0.4936 1.0073 -0.0876 300.3511 300.4026
0.5500 800.8694 23.9280 26.0897 -0.4160 4.3478 27.6537 0.0000 0.0000 0.0000 -0.7692 1.0150 -0.0844 299.3897 299.8056
0.6500 791.8453 23.5523 25.1270 -0.3444 4.3446 26.3666 0.0000 0.0000 0.0000 -0.5194 1.0231 -0.0828 298.4270 298.7714
0.7500 782.8525 23.1837 24.1625 -0.2298 4.3393 25.1301 0.0000 0.0000 0.0000 -0.2340 1.0316 -0.0830 297.4625 297.6923
0.8500 773.8839 22.8173 23.1963 -0.1243 4.3319 23.9433 0.0000 0.0000 0.0000 -0.0325 1.0403 -0.0830 296.4962 296.6205
0.9500 765.0811 22.4549 22.2290 -0.0704 4.3241 22.8007 0.0000 0.0000 0.0000 0.0973 1.0491 -0.0817 295.5290 295.5994
1.0500 756.2782 22.1037 21.2606 -0.0177 4.3157 21.7061 0.0000 0.0000 0.0000 0.1753 1.0580 -0.0793 294.5606 294.5783
1.1500 747.5695 21.7544 20.2920 -0.0101 4.3068 20.6562 0.0000 0.0000 0.0000 0.0705 1.0671 -0.0770 293.5920 293.6021
1.2500 739.0949 21.3994 19.3250 -0.1127 4.2982 19.6479 0.0000 0.0000 0.0000 -0.1620 1.0762 -0.0746 292.6250 292.7377
1.3500 730.6204 21.0394 18.3598 -0.2135 4.2897 18.6862 0.0000 0.0000 0.0000 -0.3886 1.0853 -0.0722 291.6598 291.8733
1.4500 722.1459 20.6729 17.3964 -0.3125 4.2812 17.7691 0.0000 0.0000 0.0000 -0.6098 1.0946 -0.0701 290.6964 291.0089
1.5500 713.6712 20.2989 16.4347 -0.4098 4.2725 16.8945 0.0000 0.0000 0.0000 -0.8256 1.1041 -0.0682 289.7347 290.1445
1.6500 705.1967 19.9157 15.4750 -0.5050 4.2635 16.0608 0.0000 0.0000 0.0000 -1.0554 1.1137 -0.0664 288.7750 289.2801
1.7500 696.8907 19.5197 14.5175 -0.6154 4.2541 15.2626 0.0000 0.0000 0.0000 -1.3299 1.1236 -0.0648 287.8175 288.4329
1.8500 688.8522 19.1075 13.5627 -0.7502 4.2441 14.4969 0.0000 0.0000 0.0000 -1.6289 1.1338 -0.0633 286.8627 287.6129
1.9500 680.8135 18.6782 12.6108 -0.8822 4.2335 13.7685 0.0000 0.0000 0.0000 -1.9214 1.1442 -0.0618 285.9108 286.7930
2.0500 672.7750 18.2306 11.6620 -1.0110 4.2221 13.0756 0.0000 0.0000 0.0000 -2.2074 1.1550 -0.0604 284.9620 285.9730
2.1500 664.7363 17.7638 10.7164 -1.1367 4.2099 12.4168 0.0000 0.0000 0.0000 -2.4866 1.1661 -0.0589 284.0164 285.1531
2.2500 656.6978 17.2766 9.7741 -1.2590 4.1967 11.7905 0.0000 0.0000 0.0000 -2.7519 1.1777 -0.0574 283.0741 284.3332
2.3500 648.7344 16.7699 8.8354 -1.3754 4.1821 11.1939 0.0000 0.0000 0.0000 -2.9722 1.1897 -0.0558 282.1353 283.5108
2.4500 641.1472 16.2490 7.8989 -1.4773 4.1644 10.6197 0.0000 0.0000 0.0000 -3.1575 1.2020 -0.0535 281.1989 282.6762
2.5500 633.5599 15.7168 6.9650 -1.5766 4.1436 10.0738 0.0000 0.0000 0.0000 -3.3423 1.2145 -0.0507 280.2650 281.8416
2.6500 625.9727 15.1715 6.0338 -1.6732 4.1198 9.5547 0.0000 0.0000 0.0000 -3.5262 1.2273 -0.0479 279.3338 281.0070
2.7500 618.3855 14.6110 5.1053 -1.7671 4.0931 9.0614 0.0000 0.0000 0.0000 -3.7087 1.2404 -0.0453 278.4053 280.1724
2.8500 610.7982 14.0338 4.1797 -1.8581 4.0635 8.5927 0.0000 0.0000 0.0000 -3.8890 1.2540 -0.0426 277.4797 279.3378
2.9500 603.2109 13.4357 3.2574 -1.9458 4.0311 8.1475 0.0000 0.0000 0.0000 -4.0871 1.2680 -0.0401 276.5574 278.5032
3.0500 595.8918 12.8117 2.3389 -2.0674 3.9935 7.7217 0.0000 0.0000 0.0000 -4.3205 1.2824 -0.0373 275.6389 277.7063
3.1500 588.7693 12.1585 1.4246 -2.2125 3.9494 7.3155 0.0000 0.0000 0.0000 -4.5711 1.2971 -0.0343 274.7246 276.9371
3.2500 581.6467 11.4709 0.5151 -2.3528 3.8988 6.9309 0.0000 0.0000 0.0000 -4.8228 1.3122 -0.0312 273.8151 276.1678
3.3500 574.5242 10.7411 -0.3893 -2.4879 3.8420 6.5669 0.0000 0.0000 0.0000 -5.0734 1.3279 -0.0281 272.9107 275.3986
3.4500 567.4017 9.9580 -1.2875 -2.6169 3.7786 6.2227 0.0000 0.0000 0.0000 -5.3203 1.3443 -0.0251 272.0125 274.6294
3.5500 560.2792 9.1052 -2.1786 -2.7388 3.7083 5.8979 0.0000 0.0000 0.0000 -5.5588 1.3616 -0.0221 271.1214 273.8601
3.6500 553.1567 8.1514 -3.0602 -2.8511 3.6301 5.5924 0.0000 0.0000 0.0000 -5.7919 1.3803 -0.0190 270.2398 273.0909
3.7500 546.2979 7.0312 -3.9271 -2.9402 3.5448 5.3043 0.0000 0.0000 0.0000 -5.9982 1.4013 -0.0156 269.3729 272.3131
3.8500 539.6489 5.6385 -4.7607 -2.9893 3.4467 5.0403 0.0000 0.0000 0.0000 -6.0745 1.4281 -0.0119 268.5393 271.5286
3.9500 533.0000 3.9431 -5.5037 -2.9477 3.3150 4.8216 0.0000 0.0000 0.0000 -5.8174 1.4715 -0.0077 267.7963 270.7440
4.0500 526.3511 2.2089 -6.0468 -2.7063 3.1199 4.6831 0.0000 0.0000 0.0000 -4.9995 1.5485 -0.0039 267.2531 269.9594
4.1500 519.7021 0.8994 -6.3084 -2.1833 2.8553 4.6487 0.0000 0.0000 0.0000 -3.5772 1.6655 -0.0014 266.9916 269.1749
4.2500 513.0532 0.2227 -6.3433 -1.4336 2.5598 4.6967 0.0000 0.0000 0.0000 -1.9524 1.8037 -0.0003 266.9567 268.3903
4.3500 506.4043 0.0301 -6.4435 -0.7492 2.2797 4.7221 0.0000 0.0000 0.0000 -0.6834 1.9374 -0.0000 266.8565 267.6057
4.4500 499.7742 0.0239 -6.7812 -0.3059 2.0333 4.6616 0.0000 0.0000 0.0000 -0.0166 2.0545 -0.0000 266.5188 266.8247
4.5500 493.6393 0.0406 -7.2905 -0.1281 1.8180 4.5367 0.0000 0.0000 0.0000 0.2163 2.1547 -0.0000 266.0095 266.1376
4.6500 487.5043 0.0450 -7.8989 -0.0494 1.6282 4.3810 0.0000 0.0000 0.0000 0.2800 2.2391 -0.0000 265.4011 265.4505
4.7500 481.3693 0.0389 -8.5546 -0.0180 1.4597 4.2145 0.0000 0.0000 0.0000 0.2698 2.3086 -0.0000 264.7454 264.7634
4.8500 475.2344 0.0297 -9.2303 -0.0065 1.3098 4.0474 0.0000 0.0000 0.0000 0.2333 2.3633 -0.0000 264.0697 264.0763
4.9500 469.0994 0.0211 -9.9135 -0.0026 1.1767 3.8841 0.0000 0.0000 0.0000 0.1903 2.4025 -0.0000 263.3865 263.3891
5.0500 462.9644 0.0141 -10.5998 -0.0018 1.0590 3.7259 0.0000 0.0000 0.0000 0.1465 2.4248 -0.0000 262.7002 262.7020
5.1500 456.8295 0.0085 -11.2886 -0.0035 0.9553 3.5730 0.0000 0.0000 0.0000 0.0960 2.4282 -0.0000 262.0114 262.0149
5.2500 450.6945 0.0054 -11.9848 -0.0126 0.8641 3.4237 0.0000 0.0000 0.0000 0.0679 2.4099 -0.0000 261.3152 261.3278
5.3500 445.0180 0.0042 -12.7118 -0.0042 0.7841 3.2686 0.0000 0.0000 0.0000 0.0646 2.3660 -0.0000 260.5882 260.5924
5.4500 439.4000 0.0032 -13.4501 -0.0009 0.7134 3.1165 0.0000 0.0000 0.0000 0.0551 2.2977 -0.0000 259.8499 259.8508
5.5500 433.7820 0.0023 -14.1909 -0.0002 0.6505 2.9702 0.0000 0.0000 0.0000 0.0439 2.2054 -0.0000 259.1090 259.1092
5.6500 428.1641 0.0016 -14.9324 -0.0000 0.5942 2.8300 0.0000 0.0000 0.0000 0.0337 2.0889 -0.0000 258.3676 258.3676
5.7500 422.5461 0.0011 -15.6739 0.0000 0.5434 2.6958 0.0000 0.0000 0.0000 0.0247 1.9466 -0.0000 257.6261 257.6261
5.8500 416.9281 0.0007 -16.4155 0.0000 0.4972 2.5674 0.0000 0.0000 0.0000 0.0169 1.7759 -0.0000 256.8845 256.8845
5.9500 411.3101 0.0004 -17.1570 0.0000 0.4546 2.4445 0.0000 0.0000 0.0000 0.0099 1.5727 -0.0000 256.1429 256.1429
6.0500 405.6921 0.0000 -17.8986 0.0000 0.4147 2.3270 0.0000 0.0000 0.0000 0.0000 1.3313 -0.0000 255.4014 255.4014
6.1500 400.0742 0.0000 -18.6402 0.0000 0.3765 2.2146 0.0000 0.0000 0.0000 0.0000 1.0435 0.0000 254.6598 254.6598
6.2500 394.9602 0.0000 -19.4362 0.0000 0.3476 2.0946 0.0000 0.0000 0.0000 0.0000 1.0447 0.0000 253.8638 253.8638
6.3500 389.8529 0.0000 -20.2329 0.0000 0.3206 1.9803 0.0000 0.0000 0.0000 0.0000 1.0459 0.0000 253.0670 253.0670
6.4500 384.7457 0.0000 -21.0297 0.0000 0.2953 1.8717 0.0000 0.0000 0.0000 0.0000 1.0471 0.0000 252.2703 252.2703
6.5500 379.6384 0.0000 -21.8264 0.0000 0.2718 1.7684 0.0000 0.0000 0.0000 0.0000 1.0483 0.0000 251.4736 251.4736
6.6500 374.5311 0.0000 -22.6231 0.0000 0.2499 1.6702 0.0000 0.0000 0.0000 0.0000 1.0495 0.0000 250.6768 250.6768
6.7500 369.4240 0.0000 -23.4199 0.0000 0.2295 1.5770 0.0000 0.0000 0.0000 0.0000 1.0507 0.0000 249.8801 249.8801
6.8500 364.3167 0.0000 -24.2166 0.0000 0.2106 1.4885 0.0000 0.0000 0.0000 0.0000 1.0519 0.0000 249.0834 249.0834
6.9500 359.2094 0.0000 -25.0133 0.0000 0.1929 1.4045 0.0000 0.0000 0.0000 0.0000 1.0531 0.0000 248.2867 248.2867
7.0500 354.1022 0.0000 -25.8101 0.0000 0.1766 1.3248 0.0000 0.0000 0.0000 0.0000 1.0543 0.0000 247.4899 247.4899
7.1500 349.1046 0.0000 -26.5664 0.0000 0.1618 1.2534 0.0000 0.0000 0.0000 0.0000 1.0555 0.0000 246.7336 246.7336
7.2500 344.5551 0.0000 -27.1578 0.0000 0.1498 1.2023 0.0000 0.0000 0.0000 0.0000 1.0567 0.0000 246.1422 246.1422
7.3500 340.0055 0.0000 -27.7493 0.0000 0.1384 1.1532 0.0000 0.0000 0.0000 0.0000 1.0579 0.0000 245.5507 245.5507
7.4500 335.4559 0.0000 -28.3407 0.0000 0.1277 1.1059 0.0000 0.0000 0.0000 0.0000 1.0591 0.0000 244.9593 244.9593
7.5500 330.9063 0.0000 -28.9322 0.0000 0.1176 1.0604 0.0000 0.0000 0.0000 0.0000 1.0603 0.0000 244.3678 244.3678
7.6500 326.3567 0.0000 -29.5236 0.0000 0.1081 1.0167 0.0000 0.0000 0.0000 0.0000 1.0615 0.0000 243.7764 243.7764
7.7500 321.8071 0.0000 -30.1151 0.0000 0.0992 0.9746 0.0000 0.0000 0.0000 0.0000 1.0627 0.0000 243.1849 243.1849
7.8500 317.2575 0.0000 -30.7065 0.0000 0.0909 0.9342 0.0000 0.0000 0.0000 0.0000 1.0639 0.0000 242.5935 242.5935
7.9500 312.7079 0.0000 -31.2980 0.0000 0.0830 0.8953 0.0000 0.0000 0.0000 0.0000 1.0651 0.0000 242.0020 242.0020
8.0500 308.1584 0.0000 -31.8894 0.0000 0.0756 0.8580 0.0000 0.0000 0.0000 0.0000 1.0663 0.0000 241.4106 241.4106
8.1500 303.6088 0.0000 -32.4809 0.0000 0.0687 0.8221 0.0000 0.0000 0.0000 0.0000 1.0675 0.0000 240.8191 240.8191
8.2500 299.1781 0.0000 -33.0979 0.0000 0.0632 0.7853 0.0000 0.0000 0.0000 0.0000 1.0687 0.0000 240.2020 240.2020
8.3500 295.2035 0.0000 -33.8134 0.0000 0.0615 0.7417 0.0000 0.0000 0.0000 0.0000 1.0699 0.0000 239.4866 239.4866
8.4500 291.2290 0.0000 -34.5288 0.0000 0.0597 0.7003 0.0000 0.0000 0.0000 0.0000 1.0711 0.0000 238.7712 238.7712
8.5500 287.2544 0.0000 -35.2442 0.0000 0.0579 0.6610 0.0000 0.0000 0.0000 0.0000 1.0723 0.0000 238.0558 238.0558
8.6500 283.2798 0.0000 -35.9596 0.0000 0.0562 0.6237 0.0000 0.0000 0.0000 0.0000 1.0735 0.0000 237.3404 237.3404
8.7500 279.3053 0.0000 -36.6750 0.0000 0.0544 0.5883 0.0000 0.0000 0.0000 0.0000 1.0747 0.0000 236.6249 236.6249
8.8500 275.3307 0.0000 -37.3905 0.0000 0.0526 0.5548 0.0000 0.0000 0.0000 0.0000 1.0759 0.0000 235.9095 235.9095
8.9500 271.3561 0.0000 -38.1059 0.0000 0.0508 0.5230 0.0000 0.0000 0.0000 0.0000 1.0771 0.0000 235.1941 235.1941
9.0500 267.3816 0.0000 -38.8213 0.0000 0.0491 0.4928 0.0000 0.0000 0.0000 0.0000 1.0783 0.0000 234.4787 234.4787
9.1500 263.4070 0.0000 -39.5367 0.0000 0.0473 0.4643 0.0000 0.0000 0.0000 0.0000 1.0795 0.0000 233.7632 233.7632
9.2500 259.4324 0.0000 -40.2522 0.0000 0.0456 0.4373 0.0000 0.0000 0.0000 0.0000 1.0807 0.0000 233.0478 233.0478
9.3500 255.4579 0.0000 -40.9676 0.0000 0.0439 0.4117 0.0000 0.0000 0.0000 0.0000 1.0819 0.0000 232.3324 232.3324
9.4500 251.4833 0.0000 -41.6830 0.0000 0.0423 0.3875 0.0000 0.0000 0.0000 0.0000 1.0831 0.0000 231.6170 231.6170
9.5500 247.7805 0.0000 -42.3495 0.0000 0.0419 0.3661 0.0000 0.0000 0.0000 0.0000 1.0843 0.0000 230.9505 230.9505
9.6500 244.2394 0.0000 -42.9869 0.0000 0.0421 0.3467 0.0000 0.0000 0.0000 0.0000 1.0855 0.0000 230.3131 230.3131
9.7500 240.6983 0.0000 -43.6243 0.0000 0.0422 0.3283 0.0000 0.0000 0.0000 0.0000 1.0867 0.0000 229.6757 229.6757
9.8500 237.1572 0.0000 -44.2617 0.0000 0.0422 0.3107 0.0000 0.0000 0.0000 0.0000 1.0879 0.0000 229.0383 229.0383
9.9500 233.6162 0.0000 -44.8991 0.0000 0.0420 0.2940 0.0000 0.0000 0.0000 0.0000 1.0891 0.0000 228.4009 228.4009
10.0500 230.0751 0.0000 -45.5365 0.0000 0.0417 0.2782 0.0000 0.0000 0.0000 0.0000 1.0903 0.0000 227.7635 227.7635
10.1500 226.5340 0.0000 -46.1739 0.0000 0.0413 0.2631 0.0000 0.0000 0.0000 0.0000 1.0915 0.0000 227.1261 227.1261
10.2500 223.1669 0.0000 -46.8313 0.0000 0.0410 0.2480 0.0000 0.0000 0.0000 0.0000 1.0927 0.0000 226.4687 226.4687
10.3500 219.9327 0.0000 -47.5040 0.0000 0.0406 0.2332 0.0000 0.0000 0.0000 0.0000 1.0939 0.0000 225.7960 225.7960
10.4500 216.6986 0.0000 -48.1767 0.0000 0.0402 0.2192 0.0000 0.0000 0.0000 0.0000 1.0951 0.0000 225.1233 225.1233
10.5500 213.4644 0.0000 -48.8494 0.0000 0.0396 0.2060 0.0000 0.0000 0.0000 0.0000 1.0963 0.0000 224.4506 224.4506
10.6500 210.2303 0.0000 -49.5221 0.0000 0.0390 0.1935 0.0000 0.0000 0.0000 0.0000 1.0975 0.0000 223.7779 223.7779
10.7500 206.9961 0.0000 -50.1948 0.0000 0.0382 0.1817 0.0000 0.0000 0.0000 0.0000 1.0987 0.0000 223.1052 223.1052
10.8500 203.7620 0.0000 -50.8675 0.0000 0.0374 0.1706 0.0000 0.0000 0.0000 0.0000 1.0999 0.0000 222.4325 222.4325
10.9500 200.5278 0.0000 -51.5402 0.0000 0.0366 0.1601 0.0000 0.0000 0.0000 0.0000 1.1011 0.0000 221.7598 221.7598
11.0500 197.5561 0.0000 -52.1486 0.0000 0.0357 0.1512 0.0000 0.0000 0.0000 0.0000 1.1023 0.0000 221.1514 221.1514
11.1500 194.6355 0.0000 -52.7444 0.0000 0.0347 0.1429 0.0000 0.0000 0.0000 0.0000 1.1035 0.0000 220.5556 220.5556
11.2500 191.7150 0.0000 -53.3401 0.0000 0.0337 0.1350 0.0000 0.0000 0.0000 0.0000 1.1047 0.0000 219.9598 219.9598
11.3500 188.7944 0.0000 -53.9359 0.0000 0.0328 0.1275 0.0000 0.0000 0.0000 0.0000 1.1059 0.0000 219.3640 219.3640
11.4500 185.8739 0.0000 -54.5317 0.0000 0.0318 0.1204 0.0000 0.0000 0.0000 0.0000 1.1071 0.0000 218.7682 218.7682
11.5500 182.9533 0.0000 -55.1275 0.0000 0.0308 0.1137 0.0000 0.0000 0.0000 0.0000 1.1083 0.0000 218.1725 218.1725
11.6500 180.0327 0.0000 -55.7233 0.0000 0.0298 0.1074 0.0000 0.0000 0.0000 0.0000 1.1095 0.0000 217.5767 217.5767
11.7500 177.1122 0.0000 -56.3191 0.0000 0.0289 0.1013 0.0000 0.0000 0.0000 0.0000 1.1107 0.0000 216.9809 216.9809
11.8500 174.2822 0.0000 -56.9223 0.0000 0.0279 0.0955 0.0000 0.0000 0.0000 0.0000 1.1119 0.0000 216.3777 216.3777
11.9500 171.6888 0.0000 -57.5447 0.0000 0.0268 0.0896 0.0000 0.0000 0.0000 0.0000 1.1131 0.0000 215.7553 215.7553
12.0500 169.0955 0.0000 -58.1671 0.0000 0.0258 0.0841 0.0000 0.0000 0.0000 0.0000 1.1143 0.0000 215.1329 215.1329
12.1500 166.5021 0.0000 -58.7895 0.0000 0.0247 0.0788 0.0000 0.0000 0.0000 0.0000 1.1155 0.0000 214.5105 214.5105
12.2500 163.9087 0.0000 -59.4119 0.0000 0.0237 0.0739 0.0000 0.0000 0.0000 0.0000 1.1167 0.0000 213.8881 213.8881
12.3500 161.3154 0.0000 -60.0343 0.0000 0.0227 0.0693 0.0000 0.0000 0.0000 0.0000 1.1179 0.0000 213.2657 213.2657
12.4500 158.7220 0.0000 -60.6567 0.0000 0.0218 0.0649 0.0000 0.0000 0.0000 0.0000 1.1191 0.0000 212.6433 212.6433
12.5500 156.1287 0.0000 -61.2791 0.0000 0.0208 0.0608 0.0000 0.0000 0.0000 0.0000 1.1203 0.0000 212.0209 212.0209
12.6500 153.5353 0.0000 -61.9015 0.0000 0.0199 0.0569 0.0000 0.0000 0.0000 0.0000 1.1215 0.0000 211.3985 211.3985
12.7500 150.9419 0.0000 -62.5239 0.0000 0.0190 0.0533 0.0000 0.0000 0.0000 0.0000 1.1227 0.0000 210.7760 210.7760
12.8500 148.5658 0.0000 -63.0483 0.0000 0.0182 0.0505 0.0000 0.0000 0.0000 0.0000 1.1239 0.0000 210.2517 210.2517
12.9500 146.3135 0.0000 -63.5168 0.0000 0.0175 0.0481 0.0000 0.0000 0.0000 0.0000 1.1251 0.0000 209.7832 209.7832
13.0500 144.0613 0.0000 -63.9853 0.0000 0.0167 0.0458 0.0000 0.0000 0.0000 0.0000 1.1263 0.0000 209.3147 209.3147
13.1500 141.8090 0.0000 -64.4537 0.0000 0.0160 0.0437 0.0000 0.0000 0.0000 0.0000 1.1275 0.0000 208.8463 208.8463
13.2500 139.5568 0.0000 -64.9222 0.0000 0.0153 0.0416 0.0000 0.0000 0.0000 0.0000 1.1287 0.0000 208.3778 208.3778
13.3500 137.3045 0.0000 -65.3907 0.0000 0.0147 0.0396 0.0000 0.0000 0.0000 0.0000 1.1299 0.0000 207.9093 207.9093
13.4500 135.0523 0.0000 -65.8591 0.0000 0.0140 0.0378 0.0000 0.0000 0.0000 0.0000 1.1311 0.0000 207.4409 207.4409
13.5500 132.8000 0.0000 -66.3276 0.0000 0.0134 0.0360 0.0000 0.0000 0.0000 0.0000 1.1323 0.0000 206.9724 206.9724
13.6500 130.5478 0.0000 -66.7961 0.0000 0.0129 0.0343 0.0000 0.0000 0.0000 0.0000 1.1335 0.0000 206.5039 206.5039
13.7500 128.2955 0.0000 -67.2645 0.0000 0.0123 0.0326 0.0000 0.0000 0.0000 0.0000 1.1347 0.0000 206.0355 206.0355
13.8500 126.0433 0.0000 -67.7330 0.0000 0.0118 0.0311 0.0000 0.0000 0.0000 0.0000 1.1359 0.0000 205.5670 205.5670
13.9500 123.9895 0.0000 -68.0713 0.0000 0.0115 0.0301 0.0000 0.0000 0.0000 0.0000 1.1371 0.0000 205.2287 205.2287
14.0500 122.1069 0.0000 -68.2972 0.0000 0.0113 0.0296 0.0000 0.0000 0.0000 0.0000 1.1383 0.0000 205.0028 205.0028
14.1500 120.2244 0.0000 -68.5231 0.0000 0.0111 0.0291 0.0000 0.0000 0.0000 0.0000 1.1395 0.0000 204.7769 204.7769
14.2500 118.3419 0.0000 -68.7490 0.0000 0.0110 0.0286 0.0000 0.0000 0.0000 0.0000 1.1407 0.0000 204.5510 204.5510
14.3500 116.4594 0.0000 -68.9749 0.0000 0.0108 0.0282 0.0000 0.0000 0.0000 0.0000 1.1419 0.0000 204.3251 204.3251
14.4500 114.5768 0.0000 -69.2008 0.0000 0.0106 0.0277 0.0000 0.0000 0.0000 0.0000 1.1431 0.0000 204.0992 204.0992
14.5500 112.6943 0.0000 -69.4267 0.0000 0.0105 0.0273 0.0000 0.0000 0.0000 0.0000 1.1443 0.0000 203.8733 203.8733
14.6500 110.8118 0.0000 -69.6526 0.0000 0.0103 0.0268 0.0000 0.0000 0.0000 0.0000 1.1455 0.0000 203.6474 203.6474
14.7500 108.9292 0.0000 -69.8785 0.0000 0.0102 0.0264 0.0000 0.0000 0.0000 0.0000 1.1467 0.0000 203.4215 203.4215
14.8500 107.0467 0.0000 -70.1044 0.0000 0.0101 0.0260 0.0000 0.0000 0.0000 0.0000 1.1479 0.0000 203.1956 203.1956
14.9500 105.1642 0.0000 -70.3303 0.0000 0.0099 0.0256 0.0000 0.0000 0.0000 0.0000 1.1491 0.0000 202.9697 202.9697
15.0500 103.2816 0.0000 -70.5562 0.0000 0.0098 0.0252 0.0000 0.0000 0.0000 0.0000 1.1503 0.0000 202.7438 202.7438
15.1500 101.3991 0.0000 -70.7821 0.0000 0.0097 0.0248 0.0000 0.0000 0.0000 0.0000 1.1515 0.0000 202.5179 202.5179
15.2500 99.6349 0.0000 -70.9317 0.0000 0.0096 0.0247 0.0000 0.0000 0.0000 0.0000 1.1527 0.0000 202.3682 202.3682
15.3500 98.2131 0.0000 -70.8607 0.0000 0.0095 0.0254 0.0000 0.0000 0.0000 0.0000 1.1539 0.0000 202.4393 202.4393
15.4500 96.7913 0.0000 -70.7896 0.0000 0.0095 0.0260 0.0000 0.0000 0.0000 0.0000 1.1551 0.0000 202.5104 202.5104
15.5500 95.3695 0.0000 -70.7185 0.0000 0.0095 0.0267 0.0000 0.0000 0.0000 0.0000 1.1563 0.0000 202.5815 202.5815
15.6500 93.9477 0.0000 -70.6474 0.0000 0.0094 0.0274 0.0000 0.0000 0.0000 0.0000 1.1575 0.0000 202.6526 202.6526
15.7500 92.5259 0.0000 -70.5763 0.0000 0.0093 0.0281 0.0000 0.0000 0.0000 0.0000 1.1587 0.0000 202.7237 202.7237
15.8500 91.1041 0.0000 -70.5052 0.0000 0.0093 0.0288 0.0000 0.0000 0.0000 0.0000 1.1599 0.0000 202.7948 202.7948
15.9500 89.6823 0.0000 -70.4341 0.0000 0.0092 0.0296 0.0000 0.0000 0.0000 0.0000 1.1611 0.0000 202.8659 202.8659
16.0500 88.2605 0.0000 -70.3630 0.0000 0.0091 0.0304 0.0000 0.0000 0.0000 0.0000 1.1623 0.0000 202.9370 202.9370
16.1500 86.8387 0.0000 -70.2919 0.0000 0.0090 0.0312 0.0000 0.0000 0.0000 0.0000 1.1635 0.0000 203.0081 203.0081
16.2500 85.4169 0.0000 -70.2208 0.0000 0.0089 0.0320 0.0000 0.0000 0.0000 0.0000 1.1647 0.0000 203.0791 203.0791
16.3500 83.9951 0.0000 -70.1497 0.0000 0.0088 0.0329 0.0000 0.0000 0.0000 0.0000 1.1659 0.0000 203.1502 203.1502
16.4500 82.5733 0.0000 -70.0787 0.0000 0.0087 0.0338 0.0000 0.0000 0.0000 0.0000 1.1671 0.0000 203.2213 203.2213
16.5500 81.1515 0.0000 -70.0076 0.0000 0.0085 0.0348 0.0000 0.0000 0.0000 0.0000 1.1683 0.0000 203.2924 203.2924
16.6500 79.7297 0.0000 -69.9365 0.0000 0.0084 0.0358 0.0000 0.0000 0.0000 0.0000 1.1695 0.0000 203.3635 203.3635
16.7500 78.3079 0.0000 -69.8654 0.0000 0.0082 0.0368 0.0000 0.0000 0.0000 0.0000 1.1707 0.0000 203.4346 203.4346
16.8500 76.8861 0.0000 -69.7943 0.0000 0.0081 0.0379 0.0000 0.0000 0.0000 0.0000 1.1719 0.0000 203.5057 203.5057
16.9500 75.4643 0.0000 -69.7232 0.0000 0.0079 0.0390 0.0000 0.0000 0.0000 0.0000 1.1731 0.0000 203.5768 203.5768
17.0500 74.0425 0.0000 -69.6521 0.0000 0.0077 0.0402 0.0000 0.0000 0.0000 0.0000 1.1743 0.0000 203.6479 203.6479
17.1500 72.6207 0.0000 -69.5810 0.0000 0.0074 0.0414 0.0000 0.0000 0.0000 0.0000 1.1755 0.0000 203.7190 203.7190
17.2500 71.1989 0.0000 -69.5099 0.0000 0.0072 0.0426 0.0000 0.0000 0.0000 0.0000 1.1767 0.0000 203.7901 203.7901
17.3500 69.8464 0.0000 -69.4001 0.0000 0.0070 0.0442 0.0000 0.0000 0.0000 0.0000 1.1779 0.0000 203.8999 203.8999
17.4500 68.8670 0.0000 -69.0818 0.0000 0.0071 0.0469 0.0000 0.0000 0.0000 0.0000 1.1791 0.0000 204.2182 204.2182
17.5500 67.8876 0.0000 -68.7635 0.0000 0.0072 0.0498 0.0000 0.0000 0.0000 0.0000 1.1803 0.0000 204.5365 204.5365
17.6500 66.9081 0.0000 -68.4451 0.0000 0.0073 0.0529 0.0000 0.0000 0.0000 0.0000 1.1815 0.0000 204.8548 204.8548
17.7500 65.9287 0.0000 -68.1268 0.0000 0.0074 0.0562 0.0000 0.0000 0.0000 0.0000 1.1827 0.0000 205.1732 205.1732
17.8500 64.9493 0.0000 -67.8085 0.0000 0.0074 0.0597 0.0000 0.0000 0.0000 0.0000 1.1839 0.0000 205.4915 205.4915
17.9500 63.9698 0.0000 -67.4902 0.0000 0.0075 0.0634 0.0000 0.0000 0.0000 0.0000 1.1851 0.0000 205.8098 205.8098
18.0500 62.9904 0.0000 -67.1719 0.0000 0.0075 0.0674 0.0000 0.0000 0.0000 0.0000 1.1863 0.0000 206.1281 206.1281
18.1500 62.0110 0.0000 -66.8536 0.0000 0.0074 0.0716 0.0000 0.0000 0.0000 0.0000 1.1875 0.0000 206.4464 206.4464
18.2500 61.0315 0.0000 -66.5352 0.0000 0.0074 0.0760 0.0000 0.0000 0.0000 0.0000 1.1887 0.0000 206.7647 206.7647
18.3500 60.0521 0.0000 -66.2169 0.0000 0.0073 0.0808 0.0000 0.0000 0.0000 0.0000 1.1899 0.0000 207.0831 207.0831
18.4500 59.0727 0.0000 -65.8986 0.0000 0.0072 0.0859 0.0000 0.0000 0.0000 0.0000 1.1911 0.0000 207.4014 207.4014
18.5500 58.0932 0.0000 -65.5803 0.0000 0.0070 0.0913 0.0000 0.0000 0.0000 0.0000 1.1923 0.0000 207.7197 207.7197
18.6500 57.1138 0.0000 -65.2620 0.0000 0.0068 0.0970 0.0000 0.0000 0.0000 0.0000 1.1935 0.0000 208.0380 208.0380
18.7500 56.1344 0.0000 -64.9437 0.0000 0.0065 0.1032 0.0000 0.0000 0.0000 0.0000 1.1947 0.0000 208.3563 208.3563
18.8500 55.1550 0.0000 -64.6254 0.0000 0.0062 0.1097 0.0000 0.0000 0.0000 0.0000 1.1959 0.0000 208.6746 208.6746
18.9500 54.1755 0.0000 -64.3070 0.0000 0.0057 0.1166 0.0000 0.0000 0.0000 0.0000 1.1971 0.0000 208.9930 208.9930
19.0500 53.1961 0.0000 -63.9887 0.0000 0.0053 0.1241 0.0000 0.0000 0.0000 0.0000 1.1983 0.0000 209.3113 209.3113
19.1500 52.2167 0.0000 -63.6704 0.0000 0.0047 0.1320 0.0000 0.0000 0.0000 0.0000 1.1995 0.0000 209.6296 209.6296
19.2500 51.2372 0.0000 -63.3521 0.0000 0.0040 0.1404 0.0000 0.0000 0.0000 0.0000 1.2007 0.0000 209.9479 209.9479
19.3500 50.2578 0.0000 -63.0338 0.0000 0.0033 0.1495 0.0000 0.0000 0.0000 0.0000 1.2019 0.0000 210.2662 210.2662
19.4500 49.5399 0.0000 -62.7660 0.0000 0.0031 0.1572 0.0000 0.0000 0.0000 0.0000 1.2031 0.0000 210.5340 210.5340
19.5500 48.9155 0.0000 -62.5162 0.0000 0.0031 0.1646 0.0000 0.0000 0.0000 0.0000 1.2043 0.0000 210.7838 210.7838
19.6500 48.2911 0.0000 -62.2664 0.0000 0.0032 0.1724 0.0000 0.0000 0.0000 0.0000 1.2055 0.0000 211.0336 211.0336
19.7500 47.6667 0.0000 -62.0167 0.0000 0.0032 0.1806 0.0000 0.0000 0.0000 0.0000 1.2067 0.0000 211.2833 211.2833
19.8500 47.0423 0.0000 -61.7669 0.0000 0.0033 0.1892 0.0000 0.0000 0.0000 0.0000 1.2079 0.0000 211.5331 211.5331
