height(km) press(hPa) W(M/S) T(C) T-TE(C) QV(g/kg) SAT(g/kg) QC(g/kg) QH(g/kg) QI(g/kg) "Buoy(1e-2 m/s2)" radius(m) dwdt_entr(unitless) plumeT(K) envT(K)
0.0000 859.9973 26.6077 21.9719 0.3200 4.2650 19.8790 0.0000 0.0000 0.0000 -12.2375 1.0656 -0.0392 295.2719 294.9519
0.0500 855.6113 26.0591 21.2001 -3.4343 4.2647 19.0358 0.0000 0.0000 0.0000 -12.2375 1.0680 -0.0392 294.5001 297.9344
0.1500 846.5750 25.2671 20.2866 -7.8894 4.2625 18.1637 0.0000 0.0000 0.0000 -17.1341 1.0714 -0.0327 293.5866 301.4760
0.2500 837.0692 24.4208 19.3791 -8.0365 4.2600 17.3441 0.0000 0.0000 0.0000 -17.4821 1.0751 -0.0353 292.6790 300.7155
0.3500 827.5635 23.5244 18.4782 -8.1769 4.2571 16.5649 0.0000 0.0000 0.0000 -17.8451 1.0791 -0.0361 291.7782 299.9551
0.4500 818.2379 22.5708 17.5844 -8.3246 4.2542 15.8210 0.0000 0.0000 0.0000 -18.2317 1.0835 -0.0366 290.8844 299.2090
0.5500 808.9786 21.5543 16.6982 -8.4701 4.2517 15.1134 0.0000 0.0000 0.0000 -18.6089 1.0882 -0.0367 289.9982 298.4683
0.6500 799.7254 20.4695 15.8205 -8.6064 4.2494 14.4421 0.0000 0.0000 0.0000 -18.9410 1.0934 -0.0364 289.1205 297.7269
0.7500 790.6675 19.3078 14.9527 -8.7134 4.2473 13.8033 0.0000 0.0000 0.0000 -19.2255 1.0990 -0.0359 288.2527 296.9661
0.8500 781.6095 18.0564 14.0963 -8.8090 4.2453 13.1997 0.0000 0.0000 0.0000 -19.4599 1.1053 -0.0350 287.3962 296.2052
0.9500 772.6204 16.7037 13.2528 -8.8688 4.2435 12.6298 0.0000 0.0000 0.0000 -19.5801 1.1122 -0.0337 286.5528 295.4216
1.0500 763.8176 15.2295 12.4243 -8.8521 4.2424 12.0911 0.0000 0.0000 0.0000 -19.5996 1.1200 -0.0319 285.7243 294.5765
1.1500 755.0148 13.5954 11.6148 -8.8167 4.2418 11.5879 0.0000 0.0000 0.0000 -19.5645 1.1289 -0.0295 284.9148 293.7314
1.2500 746.3408 11.7194 10.8304 -8.7537 4.2421 11.1206 0.0000 0.0000 0.0000 -19.4337 1.1394 -0.0262 284.1304 292.8841
1.3500 737.8375 9.2943 10.1007 -8.6330 4.2433 10.7076 0.0000 0.0000 0.0000 -18.9751 1.1536 -0.0210 283.4007 292.0338
1.4500 729.3340 5.8645 9.6032 -8.2802 4.2435 10.4734 0.0000 0.0000 0.0000 -17.4211 1.1888 -0.0130 282.9032 291.1834
1.5500 720.8307 2.0213 9.8432 -7.1899 4.2345 10.7740 0.0000 0.0000 0.0000 -13.9497 1.2969 -0.0041 283.1432 290.3331
1.6500 712.3272 -0.5712 11.0397 -5.1430 4.2082 11.8279 0.0000 0.0000 0.0000 -9.1742 1.4970 -0.0009 284.3397 289.4827
1.7500 703.8239 -1.2761 12.4181 -2.9143 4.1724 13.1380 0.0000 0.0000 0.0000 -4.9695 1.7073 -0.0016 285.7181 288.6324
1.8500 695.5691 -0.9692 13.0687 -1.3939 4.1383 13.8888 0.0000 0.0000 0.0000 -2.3812 1.8625 -0.0010 286.3687 287.7626
1.9500 687.5176 -0.5461 12.9682 -0.6087 4.1068 13.9611 0.0000 0.0000 0.0000 -1.0966 1.9678 -0.0005 286.2682 286.8769
2.0500 679.4660 -0.2645 12.4431 -0.2482 4.0751 13.6422 0.0000 0.0000 0.0000 -0.5211 2.0425 -0.0002 285.7431 285.9913
2.1500 671.4146 -0.1186 11.7122 -0.0934 4.0408 13.1472 0.0000 0.0000 0.0000 -0.2798 2.0979 -0.0001 285.0122 285.1056
2.2500 663.3630 -0.0532 10.8902 -0.0298 4.0024 12.5906 0.0000 0.0000 0.0000 -0.1799 2.1392 -0.0000 284.1902 284.2199
2.3500 655.3115 -0.0266 10.0336 -0.0007 3.9592 12.0270 0.0000 0.0000 0.0000 -0.1368 2.1686 -0.0000 283.3336 283.3343
2.4500 647.4140 -0.0167 9.1757 0.0101 3.9108 11.4825 0.0000 0.0000 0.0000 -0.1287 2.1870 -0.0000 282.4756 282.4655
2.5500 639.8152 -0.0130 8.3327 0.0030 3.8570 10.9662 0.0000 0.0000 0.0000 -0.1320 2.1945 -0.0000 281.6327 281.6297
2.6500 632.2164 -0.0108 7.4946 0.0008 3.7978 10.4745 0.0000 0.0000 0.0000 -0.1289 2.1907 -0.0000 280.7946 280.7938
2.7500 624.6177 -0.0092 6.6581 0.0002 3.7333 10.0038 0.0000 0.0000 0.0000 -0.1250 2.1747 -0.0000 279.9581 279.9579
2.8500 617.0189 -0.0080 5.8219 -0.0002 3.6632 9.5523 0.0000 0.0000 0.0000 -0.1226 2.1456 -0.0000 279.1219 279.1221
2.9500 609.4201 -0.0072 4.9853 -0.0009 3.5875 9.1190 0.0000 0.0000 0.0000 -0.1250 2.1019 -0.0000 278.2853 278.2862
3.0500 601.8214 -0.0059 4.1464 -0.0040 3.5058 8.7019 0.0000 0.0000 0.0000 -0.1135 2.0418 -0.0000 277.4464 277.4503
3.1500 594.5692 -0.0041 3.2964 -0.0019 3.4173 8.2907 0.0000 0.0000 0.0000 -0.0834 1.9632 -0.0000 276.5964 276.5983
3.2500 587.4263 -0.0026 2.4408 -0.0004 3.3225 7.8922 0.0000 0.0000 0.0000 -0.0561 1.8621 -0.0000 275.7408 275.7411
3.3500 580.2834 -0.0015 1.5839 -0.0001 3.2219 7.5102 0.0000 0.0000 0.0000 -0.0351 1.7334 -0.0000 274.8839 274.8840
3.4500 573.1406 -0.0007 0.7268 -0.0000 3.1165 7.1447 0.0000 0.0000 0.0000 -0.0185 1.5706 -0.0000 274.0268 274.0269
3.5500 565.9978 -0.0001 -0.1302 0.0000 3.0074 6.7952 0.0000 0.0000 0.0000 0.0000 1.3661 -0.0000 273.1697 273.1697
3.6500 558.8549 0.0000 -0.9874 0.0000 2.8960 6.4611 0.0000 0.0000 0.0000 0.0000 1.1094 0.0000 272.3126 272.3126
3.7500 551.7120 0.0000 -1.8445 0.0000 2.7617 6.1417 0.0000 0.0000 0.0000 0.0000 1.1106 0.0000 271.4554 271.4554
3.8500 544.9312 0.0000 -2.5366 0.0000 2.5676 5.9053 0.0000 0.0000 0.0000 0.0000 1.1118 0.0000 270.7634 270.7634
3.9500 538.2645 0.0000 -3.1766 0.0000 2.3636 5.6983 0.0000 0.0000 0.0000 0.0000 1.1130 0.0000 270.1234 270.1234
4.0500 531.5978 0.0000 -3.8166 0.0000 2.1706 5.4981 0.0000 0.0000 0.0000 0.0000 1.1142 0.0000 269.4834 269.4834
4.1500 524.9312 0.0000 -4.4566 0.0000 1.9880 5.3043 0.0000 0.0000 0.0000 0.0000 1.1154 0.0000 268.8434 268.8434
4.2500 518.2645 0.0000 -5.0966 0.0000 1.8155 5.1170 0.0000 0.0000 0.0000 0.0000 1.1166 0.0000 268.2034 268.2034
4.3500 511.5979 0.0000 -5.7366 0.0000 1.6525 4.9358 0.0000 0.0000 0.0000 0.0000 1.1178 0.0000 267.5634 267.5634
4.4500 504.9312 0.0000 -6.3766 0.0000 1.4986 4.7605 0.0000 0.0000 0.0000 0.0000 1.1190 0.0000 266.9234 266.9234
4.5500 498.4030 0.0000 -7.0033 0.0000 1.3461 4.5946 0.0000 0.0000 0.0000 0.0000 1.1202 0.0000 266.2967 266.2967
4.6500 492.2680 0.0000 -7.5923 0.0000 1.1819 4.4436 0.0000 0.0000 0.0000 0.0000 1.1214 0.0000 265.7077 265.7077
4.7500 486.1331 0.0000 -8.1812 0.0000 1.0270 4.2972 0.0000 0.0000 0.0000 0.0000 1.1226 0.0000 265.1187 265.1187
4.8500 479.9980 0.0000 -8.7702 0.0000 0.8809 4.1554 0.0000 0.0000 0.0000 0.0000 1.1238 0.0000 264.5298 264.5298
4.9500 473.8631 0.0000 -9.3592 0.0000 0.7433 4.0180 0.0000 0.0000 0.0000 0.0000 1.1250 0.0000 263.9408 263.9408
5.0500 467.7281 0.0000 -9.9481 0.0000 0.6138 3.8849 0.0000 0.0000 0.0000 0.0000 1.1262 0.0000 263.3519 263.3519
5.1500 461.5931 0.0000 -10.5370 0.0000 0.4921 3.7559 0.0000 0.0000 0.0000 0.0000 1.1274 0.0000 262.7629 262.7629
5.2500 455.4581 0.0000 -11.1260 0.0000 0.3777 3.6310 0.0000 0.0000 0.0000 0.0000 1.1286 0.0000 262.1740 262.1740
5.3500 449.3802 0.0000 -11.7380 0.0000 0.2794 3.5031 0.0000 0.0000 0.0000 0.0000 1.1298 0.0000 261.5620 261.5620
5.4500 443.7622 0.0000 -12.5358 0.0000 0.2577 3.3252 0.0000 0.0000 0.0000 0.0000 1.1310 0.0000 260.7642 260.7642
5.5500 438.1443 0.0000 -13.3335 0.0000 0.2375 3.1555 0.0000 0.0000 0.0000 0.0000 1.1322 0.0000 259.9665 259.9665
5.6500 432.5263 0.0000 -14.1313 0.0000 0.2186 2.9936 0.0000 0.0000 0.0000 0.0000 1.1334 0.0000 259.1687 259.1687
5.7500 426.9083 0.0000 -14.9290 0.0000 0.2009 2.8392 0.0000 0.0000 0.0000 0.0000 1.1346 0.0000 258.3710 258.3710
5.8500 421.2903 0.0000 -15.7268 0.0000 0.1844 2.6920 0.0000 0.0000 0.0000 0.0000 1.1358 0.0000 257.5732 257.5732
5.9500 415.6724 0.0000 -16.5245 0.0000 0.1691 2.5516 0.0000 0.0000 0.0000 0.0000 1.1370 0.0000 256.7755 256.7755
6.0500 410.0544 0.0000 -17.3223 0.0000 0.1548 2.4179 0.0000 0.0000 0.0000 0.0000 1.1382 0.0000 255.9777 255.9777
6.1500 404.4364 0.0000 -18.1200 0.0000 0.1415 2.2905 0.0000 0.0000 0.0000 0.0000 1.1394 0.0000 255.1800 255.1800
6.2500 398.9280 0.0000 -18.8979 0.0000 0.1303 2.1723 0.0000 0.0000 0.0000 0.0000 1.1406 0.0000 254.4021 254.4021
6.3500 393.8312 0.0000 -19.6013 0.0000 0.1243 2.0708 0.0000 0.0000 0.0000 0.0000 1.1418 0.0000 253.6987 253.6987
6.4500 388.7344 0.0000 -20.3047 0.0000 0.1184 1.9737 0.0000 0.0000 0.0000 0.0000 1.1430 0.0000 252.9953 252.9953
6.5500 383.6375 0.0000 -21.0080 0.0000 0.1128 1.8806 0.0000 0.0000 0.0000 0.0000 1.1442 0.0000 252.2920 252.2920
6.6500 378.5407 0.0000 -21.7114 0.0000 0.1075 1.7916 0.0000 0.0000 0.0000 0.0000 1.1454 0.0000 251.5886 251.5886
6.7500 373.4438 0.0000 -22.4147 0.0000 0.1024 1.7064 0.0000 0.0000 0.0000 0.0000 1.1466 0.0000 250.8852 250.8852
6.8500 368.3470 0.0000 -23.1181 0.0000 0.0975 1.6249 0.0000 0.0000 0.0000 0.0000 1.1478 0.0000 250.1819 250.1819
6.9500 363.2502 0.0000 -23.8215 0.0000 0.0928 1.5470 0.0000 0.0000 0.0000 0.0000 1.1490 0.0000 249.4785 249.4785
7.0500 358.1533 0.0000 -24.5248 0.0000 0.0884 1.4725 0.0000 0.0000 0.0000 0.0000 1.1502 0.0000 248.7751 248.7751
7.1500 353.0565 0.0000 -25.2282 0.0000 0.0841 1.4013 0.0000 0.0000 0.0000 0.0000 1.1514 0.0000 248.0718 248.0718
7.2500 348.1804 0.0000 -25.9084 0.0000 0.0801 1.3353 0.0000 0.0000 0.0000 0.0000 1.1526 0.0000 247.3916 247.3916
7.3500 343.6349 0.0000 -26.5538 0.0000 0.0765 1.2749 0.0000 0.0000 0.0000 0.0000 1.1538 0.0000 246.7462 246.7462
7.4500 339.0895 0.0000 -27.1993 0.0000 0.0730 1.2171 0.0000 0.0000 0.0000 0.0000 1.1550 0.0000 246.1007 246.1007
7.5500 334.5440 0.0000 -27.8447 0.0000 0.0697 1.1616 0.0000 0.0000 0.0000 0.0000 1.1562 0.0000 245.4552 245.4552
7.6500 329.9985 0.0000 -28.4902 0.0000 0.0665 1.1085 0.0000 0.0000 0.0000 0.0000 1.1574 0.0000 244.8098 244.8098
7.7500 325.4531 0.0000 -29.1357 0.0000 0.0635 1.0577 0.0000 0.0000 0.0000 0.0000 1.1586 0.0000 244.1643 244.1643
7.8500 320.9076 0.0000 -29.7811 0.0000 0.0605 1.0089 0.0000 0.0000 0.0000 0.0000 1.1598 0.0000 243.5189 243.5189
7.9500 316.3622 0.0000 -30.4266 0.0000 0.0577 0.9623 0.0000 0.0000 0.0000 0.0000 1.1610 0.0000 242.8734 242.8734
8.0500 311.8167 0.0000 -31.0720 0.0000 0.0551 0.9176 0.0000 0.0000 0.0000 0.0000 1.1622 0.0000 242.2280 242.2280
8.1500 307.2713 0.0000 -31.7175 0.0000 0.0525 0.8749 0.0000 0.0000 0.0000 0.0000 1.1634 0.0000 241.5825 241.5825
8.2500 302.7258 0.0000 -32.3629 0.0000 0.0500 0.8340 0.0000 0.0000 0.0000 0.0000 1.1646 0.0000 240.9371 240.9371
8.3500 298.4114 0.0000 -33.0328 0.0000 0.0483 0.7924 0.0000 0.0000 0.0000 0.0000 1.1658 0.0000 240.2672 240.2672
8.4500 294.4432 0.0000 -33.7391 0.0000 0.0474 0.7491 0.0000 0.0000 0.0000 0.0000 1.1670 0.0000 239.5609 239.5609
8.5500 290.4749 0.0000 -34.4455 0.0000 0.0465 0.7080 0.0000 0.0000 0.0000 0.0000 1.1682 0.0000 238.8545 238.8545
8.6500 286.5067 0.0000 -35.1518 0.0000 0.0455 0.6689 0.0000 0.0000 0.0000 0.0000 1.1694 0.0000 238.1482 238.1482
8.7500 282.5384 0.0000 -35.8582 0.0000 0.0445 0.6318 0.0000 0.0000 0.0000 0.0000 1.1706 0.0000 237.4418 237.4418
8.8500 278.5702 0.0000 -36.5645 0.0000 0.0435 0.5965 0.0000 0.0000 0.0000 0.0000 1.1718 0.0000 236.7355 236.7355
8.9500 274.6019 0.0000 -37.2709 0.0000 0.0424 0.5631 0.0000 0.0000 0.0000 0.0000 1.1730 0.0000 236.0291 236.0291
9.0500 270.6336 0.0000 -37.9772 0.0000 0.0412 0.5314 0.0000 0.0000 0.0000 0.0000 1.1742 0.0000 235.3228 235.3228
9.1500 266.6654 0.0000 -38.6836 0.0000 0.0401 0.5013 0.0000 0.0000 0.0000 0.0000 1.1754 0.0000 234.6164 234.6164
9.2500 262.6971 0.0000 -39.3899 0.0000 0.0389 0.4728 0.0000 0.0000 0.0000 0.0000 1.1766 0.0000 233.9101 233.9101
9.3500 258.7289 0.0000 -40.0963 0.0000 0.0378 0.4457 0.0000 0.0000 0.0000 0.0000 1.1778 0.0000 233.2037 233.2037
9.4500 254.7606 0.0000 -40.8026 0.0000 0.0366 0.4201 0.0000 0.0000 0.0000 0.0000 1.1790 0.0000 232.4974 232.4974
9.5500 250.7924 0.0000 -41.5090 0.0000 0.0354 0.3959 0.0000 0.0000 0.0000 0.0000 1.1802 0.0000 231.7910 231.7910
9.6500 247.1700 0.0000 -42.1934 0.0000 0.0353 0.3733 0.0000 0.0000 0.0000 0.0000 1.1814 0.0000 231.1066 231.1066
9.7500 243.6340 0.0000 -42.8723 0.0000 0.0353 0.3519 0.0000 0.0000 0.0000 0.0000 1.1826 0.0000 230.4277 230.4277
9.8500 240.0979 0.0000 -43.5512 0.0000 0.0351 0.3317 0.0000 0.0000 0.0000 0.0000 1.1838 0.0000 229.7488 229.7488
9.9500 236.5618 0.0000 -44.2301 0.0000 0.0349 0.3126 0.0000 0.0000 0.0000 0.0000 1.1850 0.0000 229.0699 229.0699
10.0500 233.0258 0.0000 -44.9091 0.0000 0.0345 0.2944 0.0000 0.0000 0.0000 0.0000 1.1862 0.0000 228.3909 228.3909
10.1500 229.4897 0.0000 -45.5880 0.0000 0.0341 0.2773 0.0000 0.0000 0.0000 0.0000 1.1874 0.0000 227.7120 227.7120
10.2500 225.9536 0.0000 -46.2669 0.0000 0.0335 0.2610 0.0000 0.0000 0.0000 0.0000 1.1886 0.0000 227.0331 227.0331
10.3500 222.6380 0.0000 -46.9413 0.0000 0.0338 0.2456 0.0000 0.0000 0.0000 0.0000 1.1898 0.0000 226.3587 226.3587
10.4500 219.4039 0.0000 -47.6140 0.0000 0.0341 0.2309 0.0000 0.0000 0.0000 0.0000 1.1910 0.0000 225.6860 225.6860
10.5500 216.1697 0.0000 -48.2867 0.0000 0.0343 0.2170 0.0000 0.0000 0.0000 0.0000 1.1922 0.0000 225.0133 225.0133
10.6500 212.9356 0.0000 -48.9594 0.0000 0.0344 0.2039 0.0000 0.0000 0.0000 0.0000 1.1934 0.0000 224.3406 224.3406
10.7500 209.7014 0.0000 -49.6321 0.0000 0.0343 0.1915 0.0000 0.0000 0.0000 0.0000 1.1946 0.0000 223.6679 223.6679
10.8500 206.4673 0.0000 -50.3048 0.0000 0.0340 0.1799 0.0000 0.0000 0.0000 0.0000 1.1958 0.0000 222.9952 222.9952
10.9500 203.2331 0.0000 -50.9775 0.0000 0.0337 0.1688 0.0000 0.0000 0.0000 0.0000 1.1970 0.0000 222.3225 222.3225
11.0500 199.9991 0.0000 -51.6502 0.0000 0.0333 0.1585 0.0000 0.0000 0.0000 0.0000 1.1982 0.0000 221.6498 221.6498
11.1500 197.0819 0.0000 -52.1752 0.0000 0.0330 0.1511 0.0000 0.0000 0.0000 0.0000 1.1994 0.0000 221.1247 221.1247
11.2500 194.1647 0.0000 -52.7003 0.0000 0.0326 0.1440 0.0000 0.0000 0.0000 0.0000 1.2006 0.0000 220.5997 220.5997
11.3500 191.2476 0.0000 -53.2254 0.0000 0.0322 0.1372 0.0000 0.0000 0.0000 0.0000 1.2018 0.0000 220.0746 220.0746
11.4500 188.3305 0.0000 -53.7505 0.0000 0.0317 0.1308 0.0000 0.0000 0.0000 0.0000 1.2030 0.0000 219.5495 219.5495
11.5500 185.4133 0.0000 -54.2756 0.0000 0.0313 0.1246 0.0000 0.0000 0.0000 0.0000 1.2042 0.0000 219.0244 219.0244
11.6500 182.4962 0.0000 -54.8007 0.0000 0.0307 0.1187 0.0000 0.0000 0.0000 0.0000 1.2054 0.0000 218.4993 218.4993
11.7500 179.5790 0.0000 -55.3258 0.0000 0.0302 0.1131 0.0000 0.0000 0.0000 0.0000 1.2066 0.0000 217.9742 217.9742
11.8500 176.6618 0.0000 -55.8509 0.0000 0.0297 0.1077 0.0000 0.0000 0.0000 0.0000 1.2078 0.0000 217.4491 217.4491
11.9500 173.8886 0.0000 -56.3856 0.0000 0.0286 0.1024 0.0000 0.0000 0.0000 0.0000 1.2090 0.0000 216.9144 216.9144
12.0500 171.3060 0.0000 -56.9331 0.0000 0.0270 0.0970 0.0000 0.0000 0.0000 0.0000 1.2102 0.0000 216.3669 216.3669
12.1500 168.7234 0.0000 -57.4807 0.0000 0.0255 0.0919 0.0000 0.0000 0.0000 0.0000 1.2114 0.0000 215.8193 215.8193
12.2500 166.1407 0.0000 -58.0282 0.0000 0.0241 0.0871 0.0000 0.0000 0.0000 0.0000 1.2126 0.0000 215.2718 215.2718
12.3500 163.5581 0.0000 -58.5757 0.0000 0.0227 0.0825 0.0000 0.0000 0.0000 0.0000 1.2138 0.0000 214.7243 214.7243
12.4500 160.9754 0.0000 -59.1232 0.0000 0.0214 0.0781 0.0000 0.0000 0.0000 0.0000 1.2150 0.0000 214.1768 214.1768
12.5500 158.3928 0.0000 -59.6707 0.0000 0.0202 0.0740 0.0000 0.0000 0.0000 0.0000 1.2162 0.0000 213.6293 213.6293
12.6500 155.8101 0.0000 -60.2182 0.0000 0.0191 0.0700 0.0000 0.0000 0.0000 0.0000 1.2174 0.0000 213.0817 213.0817
12.7500 153.2275 0.0000 -60.7658 0.0000 0.0180 0.0663 0.0000 0.0000 0.0000 0.0000 1.2186 0.0000 212.5342 212.5342
12.8500 150.6448 0.0000 -61.3133 0.0000 0.0170 0.0627 0.0000 0.0000 0.0000 0.0000 1.2198 0.0000 211.9867 211.9867
12.9500 148.3162 0.0000 -61.8676 0.0000 0.0163 0.0592 0.0000 0.0000 0.0000 0.0000 1.2210 0.0000 211.4324 211.4324
13.0500 146.0720 0.0000 -62.4241 0.0000 0.0157 0.0558 0.0000 0.0000 0.0000 0.0000 1.2222 0.0000 210.8758 210.8758
13.1500 143.8278 0.0000 -62.9807 0.0000 0.0151 0.0526 0.0000 0.0000 0.0000 0.0000 1.2234 0.0000 210.3193 210.3193
13.2500 141.5837 0.0000 -63.5372 0.0000 0.0145 0.0496 0.0000 0.0000 0.0000 0.0000 1.2246 0.0000 209.7627 209.7627
13.3500 139.3395 0.0000 -64.0938 0.0000 0.0140 0.0467 0.0000 0.0000 0.0000 0.0000 1.2258 0.0000 209.2062 209.2062
13.4500 137.0953 0.0000 -64.6504 0.0000 0.0135 0.0440 0.0000 0.0000 0.0000 0.0000 1.2270 0.0000 208.6496 208.6496
13.5500 134.8512 0.0000 -65.2069 0.0000 0.0129 0.0414 0.0000 0.0000 0.0000 0.0000 1.2282 0.0000 208.0931 208.0931
13.6500 132.6070 0.0000 -65.7635 0.0000 0.0124 0.0390 0.0000 0.0000 0.0000 0.0000 1.2294 0.0000 207.5365 207.5365
13.7500 130.3628 0.0000 -66.3200 0.0000 0.0119 0.0367 0.0000 0.0000 0.0000 0.0000 1.2306 0.0000 206.9800 206.9800
13.8500 128.1187 0.0000 -66.8766 0.0000 0.0114 0.0345 0.0000 0.0000 0.0000 0.0000 1.2318 0.0000 206.4234 206.4234
13.9500 125.8745 0.0000 -67.4331 0.0000 0.0110 0.0325 0.0000 0.0000 0.0000 0.0000 1.2330 0.0000 205.8669 205.8669
14.0500 123.8528 0.0000 -67.8106 0.0000 0.0107 0.0313 0.0000 0.0000 0.0000 0.0000 1.2342 0.0000 205.4894 205.4894
14.1500 121.9731 0.0000 -68.0738 0.0000 0.0107 0.0306 0.0000 0.0000 0.0000 0.0000 1.2354 0.0000 205.2262 205.2262
14.2500 120.0934 0.0000 -68.3369 0.0000 0.0106 0.0299 0.0000 0.0000 0.0000 0.0000 1.2366 0.0000 204.9631 204.9631
14.3500 118.2137 0.0000 -68.6001 0.0000 0.0105 0.0293 0.0000 0.0000 0.0000 0.0000 1.2378 0.0000 204.6999 204.6999
14.4500 116.3340 0.0000 -68.8632 0.0000 0.0104 0.0286 0.0000 0.0000 0.0000 0.0000 1.2390 0.0000 204.4368 204.4368
14.5500 114.4543 0.0000 -69.1264 0.0000 0.0104 0.0280 0.0000 0.0000 0.0000 0.0000 1.2402 0.0000 204.1736 204.1736
14.6500 112.5746 0.0000 -69.3896 0.0000 0.0103 0.0274 0.0000 0.0000 0.0000 0.0000 1.2414 0.0000 203.9104 203.9104
14.7500 110.6949 0.0000 -69.6527 0.0000 0.0102 0.0269 0.0000 0.0000 0.0000 0.0000 1.2426 0.0000 203.6473 203.6473
14.8500 108.8152 0.0000 -69.9159 0.0000 0.0101 0.0263 0.0000 0.0000 0.0000 0.0000 1.2438 0.0000 203.3841 203.3841
14.9500 106.9355 0.0000 -70.1790 0.0000 0.0101 0.0257 0.0000 0.0000 0.0000 0.0000 1.2450 0.0000 203.1210 203.1210
15.0500 105.0558 0.0000 -70.4422 0.0000 0.0100 0.0252 0.0000 0.0000 0.0000 0.0000 1.2462 0.0000 202.8578 202.8578
15.1500 103.1761 0.0000 -70.7053 0.0000 0.0099 0.0247 0.0000 0.0000 0.0000 0.0000 1.2474 0.0000 202.5947 202.5947
15.2500 101.2964 0.0000 -70.9685 0.0000 0.0098 0.0242 0.0000 0.0000 0.0000 0.0000 1.2486 0.0000 202.3315 202.3315
15.3500 99.5594 0.0000 -71.1177 0.0000 0.0098 0.0241 0.0000 0.0000 0.0000 0.0000 1.2498 0.0000 202.1823 202.1823
15.4500 98.1396 0.0000 -71.0136 0.0000 0.0097 0.0248 0.0000 0.0000 0.0000 0.0000 1.2510 0.0000 202.2864 202.2864
15.5500 96.7198 0.0000 -70.9095 0.0000 0.0097 0.0256 0.0000 0.0000 0.0000 0.0000 1.2522 0.0000 202.3905 202.3905
15.6500 95.3001 0.0000 -70.8053 0.0000 0.0096 0.0263 0.0000 0.0000 0.0000 0.0000 1.2534 0.0000 202.4947 202.4947
15.7500 93.8803 0.0000 -70.7012 0.0000 0.0096 0.0272 0.0000 0.0000 0.0000 0.0000 1.2546 0.0000 202.5988 202.5988
15.8500 92.4605 0.0000 -70.5971 0.0000 0.0095 0.0280 0.0000 0.0000 0.0000 0.0000 1.2558 0.0000 202.7029 202.7029
15.9500 91.0407 0.0000 -70.4930 0.0000 0.0094 0.0289 0.0000 0.0000 0.0000 0.0000 1.2570 0.0000 202.8070 202.8070
16.0500 89.6209 0.0000 -70.3889 0.0000 0.0093 0.0298 0.0000 0.0000 0.0000 0.0000 1.2582 0.0000 202.9111 202.9111
16.1500 88.2012 0.0000 -70.2847 0.0000 0.0092 0.0307 0.0000 0.0000 0.0000 0.0000 1.2594 0.0000 203.0152 203.0152
16.2500 86.7814 0.0000 -70.1806 0.0000 0.0091 0.0317 0.0000 0.0000 0.0000 0.0000 1.2606 0.0000 203.1194 203.1194
16.3500 85.3616 0.0000 -70.0765 0.0000 0.0089 0.0327 0.0000 0.0000 0.0000 0.0000 1.2618 0.0000 203.2235 203.2235
16.4500 83.9418 0.0000 -69.9724 0.0000 0.0088 0.0338 0.0000 0.0000 0.0000 0.0000 1.2630 0.0000 203.3276 203.3276
16.5500 82.5220 0.0000 -69.8683 0.0000 0.0086 0.0349 0.0000 0.0000 0.0000 0.0000 1.2642 0.0000 203.4317 203.4317
16.6500 81.1023 0.0000 -69.7642 0.0000 0.0084 0.0361 0.0000 0.0000 0.0000 0.0000 1.2654 0.0000 203.5358 203.5358
16.7500 79.6825 0.0000 -69.6600 0.0000 0.0082 0.0373 0.0000 0.0000 0.0000 0.0000 1.2666 0.0000 203.6399 203.6399
16.8500 78.2627 0.0000 -69.5559 0.0000 0.0080 0.0385 0.0000 0.0000 0.0000 0.0000 1.2678 0.0000 203.7441 203.7441
16.9500 76.8429 0.0000 -69.4518 0.0000 0.0077 0.0398 0.0000 0.0000 0.0000 0.0000 1.2690 0.0000 203.8482 203.8482
17.0500 75.4231 0.0000 -69.3477 0.0000 0.0074 0.0412 0.0000 0.0000 0.0000 0.0000 1.2702 0.0000 203.9523 203.9523
17.1500 74.0033 0.0000 -69.2436 0.0000 0.0071 0.0426 0.0000 0.0000 0.0000 0.0000 1.2714 0.0000 204.0564 204.0564
17.2500 72.5836 0.0000 -69.1395 0.0000 0.0068 0.0441 0.0000 0.0000 0.0000 0.0000 1.2726 0.0000 204.1605 204.1605
17.3500 71.1638 0.0000 -69.0353 0.0000 0.0064 0.0457 0.0000 0.0000 0.0000 0.0000 1.2738 0.0000 204.2646 204.2646
17.4500 69.8237 0.0000 -68.8857 0.0000 0.0061 0.0476 0.0000 0.0000 0.0000 0.0000 1.2750 0.0000 204.4143 204.4143
17.5500 68.8462 0.0000 -68.5289 0.0000 0.0063 0.0508 0.0000 0.0000 0.0000 0.0000 1.2762 0.0000 204.7711 204.7711
17.6500 67.8687 0.0000 -68.1721 0.0000 0.0064 0.0542 0.0000 0.0000 0.0000 0.0000 1.2774 0.0000 205.1279 205.1279
17.7500 66.8912 0.0000 -67.8153 0.0000 0.0065 0.0579 0.0000 0.0000 0.0000 0.0000 1.2786 0.0000 205.4847 205.4847
17.8500 65.9137 0.0000 -67.4585 0.0000 0.0066 0.0618 0.0000 0.0000 0.0000 0.0000 1.2798 0.0000 205.8415 205.8415
17.9500 64.9362 0.0000 -67.1017 0.0000 0.0067 0.0660 0.0000 0.0000 0.0000 0.0000 1.2810 0.0000 206.1983 206.1983
18.0500 63.9586 0.0000 -66.7449 0.0000 0.0068 0.0705 0.0000 0.0000 0.0000 0.0000 1.2822 0.0000 206.5551 206.5551
18.1500 62.9811 0.0000 -66.3881 0.0000 0.0069 0.0752 0.0000 0.0000 0.0000 0.0000 1.2834 0.0000 206.9119 206.9119
18.2500 62.0036 0.0000 -66.0313 0.0000 0.0069 0.0803 0.0000 0.0000 0.0000 0.0000 1.2846 0.0000 207.2687 207.2687
18.3500 61.0261 0.0000 -65.6745 0.0000 0.0069 0.0858 0.0000 0.0000 0.0000 0.0000 1.2858 0.0000 207.6255 207.6255
18.4500 60.0486 0.0000 -65.3177 0.0000 0.0069 0.0916 0.0000 0.0000 0.0000 0.0000 1.2870 0.0000 207.9823 207.9823
18.5500 59.0711 0.0000 -64.9609 0.0000 0.0068 0.0978 0.0000 0.0000 0.0000 0.0000 1.2882 0.0000 208.3391 208.3391
18.6500 58.0935 0.0000 -64.6041 0.0000 0.0067 0.1044 0.0000 0.0000 0.0000 0.0000 1.2894 0.0000 208.6958 208.6958
18.7500 57.1160 0.0000 -64.2473 0.0000 0.0066 0.1115 0.0000 0.0000 0.0000 0.0000 1.2906 0.0000 209.0526 209.0526
18.8500 56.1385 0.0000 -63.8905 0.0000 0.0064 0.1191 0.0000 0.0000 0.0000 0.0000 1.2918 0.0000 209.4094 209.4094
18.9500 55.1610 0.0000 -63.5338 0.0000 0.0062 0.1273 0.0000 0.0000 0.0000 0.0000 1.2930 0.0000 209.7662 209.7662
19.0500 54.1835 0.0000 -63.1770 0.0000 0.0058 0.1360 0.0000 0.0000 0.0000 0.0000 1.2942 0.0000 210.1230 210.1230
19.1500 53.2059 0.0000 -62.8202 0.0000 0.0055 0.1453 0.0000 0.0000 0.0000 0.0000 1.2954 0.0000 210.4798 210.4798
19.2500 52.2284 0.0000 -62.4634 0.0000 0.0050 0.1553 0.0000 0.0000 0.0000 0.0000 1.2966 0.0000 210.8366 210.8366
19.3500 51.2509 0.0000 -62.1066 0.0000 0.0045 0.1660 0.0000 0.0000 0.0000 0.0000 1.2978 0.0000 211.1934 211.1934
19.4500 50.2734 0.0000 -61.7498 0.0000 0.0038 0.1774 0.0000 0.0000 0.0000 0.0000 1.2990 0.0000 211.5502 211.5502
19.5500 49.5516 0.0000 -61.5043 0.0000 0.0036 0.1860 0.0000 0.0000 0.0000 0.0000 1.3002 0.0000 211.7957 211.7957
19.6500 48.9292 0.0000 -61.3020 0.0000 0.0037 0.1934 0.0000 0.0000 0.0000 0.0000 1.3014 0.0000 211.9980 211.9980
19.7500 48.3067 0.0000 -61.0997 0.0000 0.0037 0.2012 0.0000 0.0000 0.0000 0.0000 1.3026 0.0000 212.2003 212.2003
19.8500 47.6842 0.0000 -60.8974 0.0000 0.0037 0.2094 0.0000 0.0000 0.0000 0.0000 1.3038 0.0000 212.4026 212.4026
